9600 -7285
-10497 3840
9600 5790
8192 4608
-20894 -3457
-2561 -1281
1145 -3457
-2817 6400
9600 -3457
-15361 6144
9600 -3457
-2817 5888
9600 -18806
-6657 9728
9600 -14948
-4097 -3329
9600 29104
-1793 8960
9600 -3643
-5889 3328
9600 -6181
-769 -1
9600 -13070
1536 -1025
9600 -13047
1024 5120
9600 19233
-8449 6656
9600 2872
-3841 -5377
9600 7503
4096 -3329
9600 -12190
-7425 -513
9600 4982
-3841 5376
9600 -26498
-8193 8192
9600 -16515
-12033 0
-30090 -27010
1536 -12289
-2206 25470
11008 -1537
14157 -9346
6400 -6913
11318 -10114
-3841 768
-18914 15487
-6657 -2561
22278 18303
-1 6144
-30483 -23169
-4865 -6145
-26924 -17793
12288 -513
19387 -3713
8704 -1
13475 -3713
8448 4864
10381 -3713
11520 13312
9856 -3713
-1025 -4353
9856 -3713
9216 -4097
9856 -30854
7680 -8961
9856 14185
4352 -4097
9856 9558
8192 19712
9856 -4032
2816 3840
9856 17451
3840 -257
9856 -10988
6912 3840
9856 -5379
6656 4864
9856 25574
10752 -1025
9856 1487
7424 9472
9856 -27976
7680 3840
9856 18595
-1 1792
9856 -3185
1280 8192
9856 -25983
15104 11520
9856 24705
4608 1280
30596 897
-2817 13056
-362 -8320
7680 8448
6316 -22912
768 -1025
15554 31360
1024 -3329
4058 16000
7936 5888
-6671 3456
-4609 4352
9227 -3457
3328 6144
24100 -3457
-1793 4608
-7108 -3457
-3073 2048
-26795 -3457
7680 11008
-149 -3457
-9473 7680
6528 -3457
-5633 10752
9600 -3457
768 10496
9600 -29310
-3329 -3073
9600 -2927
2816 5632
9600 -13404
-4865 5120
9600 12473
-257 768
9600 -18482
-7425 -1281
9600 26597
-13057 -6913
9600 13820
-2049 -513
9600 -25069
-4353 -4353
9600 -15574
0 9216
9600 -5567
-13057 512
9600 27479
7936 -257
9600 4203
-12545 -5121
9600 -31621
-12289 -769
9600 24190
2048 2816
-10114 1150
-10241 1536
-24210 -27778
1536 -4353
11098 -30594
3328 -4353
-16317 -6786
5632 -5889
-29908 -1922
-4353 4096
-22252 18815
-2305 0
-26884 25471
7424 -2561
-13342 -18049
-769 -5889
29642 -10881
9984 -6657
6833 -3713
-257 4352
-26470 -3713
6400 -4865
28548 -3713
3072 -1281
9856 -3713
-5377 -11265
9856 -26497
9984 4608
9856 -5261
9216 -4865
9856 6753
7936 8960
9856 -21171
4352 6656
9856 -1993
11520 1792
9856 27682
256 3328
9856 7691
13568 -4609
9856 -30732
6656 1280
9856 -8484
8960 3840
9856 -9019
8960 5632
9856 7855
-2561 9216
9856 -17765
-769 5888
9856 25224
8448 -2561
9856 11393
3840 768
9856 31617
14848 18688
14987 -5504
-513 14848
23455 -8064
2048 5632
1461 -28544
4864 -3841
12492 28032
2560 768
14052 9856
12032 2560
11260 -1409
4352 11520
20501 -3457
-769 7168
-18642 -3457
-9473 5888
13895 -3457
3072 -2049
13663 -3457
2560 8960
-4492 -3457
1280 5376
9600 -3457
1024 2304
9600 -3457
-9473 12544
9600 -4985
-4097 -769
9600 26265
2048 6144
9600 -10580
-5633 256
9600 -5183
-1793 5376
9600 -14889
2048 1792
9600 12526
-1025 4096
9600 -30971
-5121 3328
9600 12317
-1537 -6145
9600 4916
-1793 -2817
9600 587
8704 -3841
9600 8287
1280 -769
9600 -20622
4096 -2305
9600 24190
-1793 -1281
9600 -16515
-1 -7681
-11399 -31106
-6145 2048
21606 24190
17152 -7169
25169 -11906
4608 2304
-15302 -12930
1024 -1
-16094 13695
-2305 -1281
-8694 14719
-1 -2049
-2319 -24705
16896 -7937
10201 -21889
5632 -3841
-32321 -3713
4096 -2817
-9049 -3713
9728 6144
-30575 -3713
6144 -6657
9856 -3713
9728 -2049
9856 -3713
6912 -1
9856 11388
10240 1024
9856 -917
9728 -3585
9856 -10151
9472 0
9856 1605
4352 -3329
9856 -24529
8704 2816
9856 6425
3840 10240
9856 7682
3072 1280
9856 24298
8704 -1793
9856 -10285
3840 3840
9856 23484
15872 7680
9856 25255
512 8704
9856 -24685
14592 6656
9856 27011
2816 15104
9856 21633
-7169 2816
23426 11393
7936 -2305
-16750 -8832
5120 9984
-13657 -18560
9216 7424
19390 32128
5632 -3073
27605 18816
-5889 7424
-3603 4736
-1 7168
6150 -3457
1536 10496
6431 -3457
-513 8704
1080 -3457
1280 9472
4945 -3457
-5121 14080
29287 -3457
3584 9984
25469 -3457
-12801 -3329
9600 -3457
512 -769
9600 -14976
2560 6912
9600 11918
-2561 4096
9600 4769
-8449 6400
9600 -3404
-7937 3840
9600 -4662
6912 -1
9600 -12832
-11265 3328
9600 -18697
-769 -513
9600 -18930
-1281 2048
9600 23334
-4865 2560
9600 12861
-7169 768
9600 -14765
-7937 -6401
9600 -6810
5632 -9985
9600 -22919
-2305 1792
9600 -25730
512 256
9600 -10883
5888 -2049
-16782 -24962
-7681 5376
11102 28798
5888 -7681
-30904 -7042
-257 -10497
-1488 -6274
5376 -10753
30233 18047
5888 -2561
-10752 21631
-1 -1
12264 -20353
3584 8960
-1586 -14721
-257 -4353
11958 -3713
-4609 -13313
-11106 -3713
12800 2816
24200 -3713
13056 -8193
9856 -3713
1024 6912
9856 -3713
-2049 -1281
9856 25463
2048 -1
9856 -20123
2560 -257
9856 -14511
8192 -1025
9856 -23236
4864 7168
9856 -17626
9216 4864
9856 3344
4352 7936
9856 -1544
1792 -2817
9856 32481
-1025 3584
9856 -18486
8960 6912
9856 1460
8448 2816
9856 -24417
-3329 5376
9856 7820
4864 3072
9856 1409
1280 7680
9856 -29567
-1281 3328
-25465 -3456
3840 6912
1179 -4992
512 10240
20656 -25984
6912 4608
12743 31616
8448 8192
9183 12928
-769 14080
-1546 2432
3584 15616
12304 -3457
-2305 11008
13865 -3457
-4097 4864
-29374 -3457
1024 5632
-31910 -3457
2560 4096
-22160 -3457
768 7680
9600 -3457
-8961 14336
9600 -3457
-11521 5888
9600 -2428
-6145 -2817
9600 -16491
-8961 -4353
9600 -18520
-4097 3840
9600 -13635
5376 1792
9600 14291
-12801 768
9600 -7447
-10241 11008
9600 -24832
5888 -1
9600 28696
-2305 1280
9600 11055
1536 -1025
9600 -22714
-8705 -257
9600 -31141
-6657 -1
9600 7023
-257 768
9600 16509
1536 768
9600 5246
-2305 768
-31108 16254
-3841 4864
15210 32638
-3841 -11009
31573 -22658
-1 1024
-14018 -8834
11520 -9729
-15577 5247
8192 1792
-32497 18047
3328 -6401
9719 32639
-8705 -8705
-7459 -19329
1280 -769
18373 -3713
-2305 -1537
7084 -3713
13568 -3073
8598 -3713
2816 -4609
16001 -3713
-513 6400
9856 -3713
5120 7680
9856 18558
-1537 -769
9856 28272
14336 4608
9856 19293
4608 -1
9856 -22967
14848 5632
9856 6964
3840 0
9856 -22755
6144 2048
9856 -7162
12288 1536
9856 -20241
8960 2304
9856 3032
0 13568
9856 -16447
12032 5888
9856 12715
4608 -769
9856 6040
1536 9728
9856 -29051
2304 3840
9856 18561
5632 6656
-32640 24193
2816 14336
911 -7296
11008 8192
-16989 -12416
2816 8704
-15431 -31104
-4353 0
-6448 23680
8960 9984
16104 7552
4608 6400
26881 -3457
-7169 15104
12058 -3457
0 6656
15923 -3457
-3585 256
-21428 -3457
-6913 4352
19043 -3457
6144 9984
-2696 -3457
256 11008
9600 -3457
-18433 7168
9600 -3457
-10753 7168
9600 29579
-11777 2304
9600 22941
3840 -1
9600 -15440
1280 -769
9600 9926
-7425 15104
9600 8156
-12289 11520
9600 -8974
-16385 1792
9600 15370
2304 2560
9600 -2783
9216 -4865
9600 -22216
-1281 1280
9600 11855
3072 7168
9600 28771
-9985 -769
9600 8310
-1537 -2305
9600 -21890
-12289 -8449
9600 -19075
3072 -6401
-31371 -23938
2560 -1025
10594 23934
4352 -1537
-11956 -7298
0 1280
-715 -11650
1792 -3073
7966 17535
8192 -4097
-3579 16511
3840 -7169
-4116 -20353
7680 -6401
-6445 -20097
7424 0
-23366 -3713
2560 7168
14755 -3713
6656 -1281
-2164 -3713
-1537 -513
9856 -3713
3584 -5633
9856 -3713
8960 -1281
9856 -18823
4608 -4609
9856 1385
5120 2304
9856 -19883
4096 -2049
9856 -27840
9984 16896
9856 11563
1280 8192
9856 9236
14080 4352
9856 -28419
11520 3328
9856 -31515
1024 -3841
9856 -11570
9984 768
9856 -11081
4864 15616
9856 27555
5120 10752
9856 25999
2048 -1025
9856 -19071
2816 5632
9856 23425
9216 5376
-7036 641
2560 7680
-31849 -10880
-257 12288
-32084 -22912
-1537 10752
3523 29568
-1281 9472
-10022 15744
768 9984
24307 1408
-7169 8960
31755 -3457
5632 7680
-24028 -3457
-11777 2048
-26563 -3457
1280 7168
-22186 -3457
-257 9728
-16020 -3457
5376 2048
9600 -3457
-7681 15872
9600 -3457
-7937 2048
9600 1411
-1537 4608
9600 -30574
-2049 5632
9600 23461
2560 5376
9600 3258
-5633 12544
9600 -16177
-513 8704
9600 4070
-12801 1024
9600 6909
2048 -11777
9600 21012
256 1024
9600 -17109
-1 4608
9600 -29630
1280 -1793
9600 10840
-1025 5632
9600 -24213
-3329 -3841
9600 30332
1024 -7169
9600 7294
1792 1792
32382 12670
2816 -6145
-9875 30846
5376 5888
-15016 -24450
-3841 0
-14782 -10882
4864 -3329
19755 3199
0 -2305
6931 16255
-769 -9473
-28166 30079
2304 17920
23777 -20353
4096 -3585
-23352 -6529
4352 3840
-24657 -3713
-6145 -1793
-5480 -3713
3840 -4097
-24957 -3713
-1537 -2049
9856 -3713
13312 -5121
9856 12159
3072 8448
9856 -31118
6656 4864
9856 7008
-3841 -513
9856 18252
3072 -769
9856 -12490
6656 2048
9856 -20192
10752 3840
9856 -7927
9728 3840
9856 25074
10240 10240
9856 -14886
-3585 4864
9856 -2109
9984 7168
9856 -20563
8960 3584
9856 12954
8960 11008
9856 22663
2304 14336
9856 13441
-2049 8960
9856 -32127
6400 7424
-14964 -6784
-6401 4096
30369 -7040
14336 4608
6071 -30080
7680 12288
-1587 28288
-2049 16896
19430 8576
-7169 16128
-14594 -1665
-4609 2304
-21225 -3457
3072 1792
-19920 -3457
-1281 6144
-5559 -3457
-1 3072
14177 -3457
2560 13056
-26761 -3457
-8705 1792
9600 -3457
-3841 2048
9600 -3457
-3329 2048
9600 31625
3328 8448
9600 29851
-2305 9984
9600 9903
-9985 2560
9600 20932
-1537 6656
9600 5594
-8449 0
9600 30193
5632 -1281
9600 12552
-9473 5120
9600 -13025
6400 4096
9600 25142
-513 768
9600 -5811
2560 -5889
9600 -19103
-8193 9728
9600 5493
-1 2304
9600 30334
4352 -3841
9600 -13443
-1025 2048
-6025 -30850
8192 2048
-6813 27006
-5889 -1
-19634 -11394
4608 -10497
-10185 -10114
15616 3072
20256 13951
-5377 6656
-17913 18303
15104 -10241
9455 -24449
1536 -2049
10198 -18305
5632 -7425
-19780 -3713
11008 -4097
-32604 -3713
6144 -769
-28274 -3713
8960 2304
9856 -3713
-1537 -1281
9856 -3713
6912 -7169
9856 123
13312 3584
9856 9834
2304 7680
9856 31831
14592 3072
9856 4418
-6913 4096
9856 -31188
768 8192
9856 9238
256 1536
9856 -9986
4608 256
9856 -15641
13568 6656
9856 27856
4096 1280
9856 -32583
4096 15872
9856 14756
-6657 1536
9856 145
-1025 -1281
9856 -8575
5632 10240
9856 24961
14592 3584
10884 1409
4608 11264
-9067 -8576
-1025 12032
9899 -22144
3328 13312
26049 31616
-4865 -513
16857 16512
1024 -4097
28145 3712
8192 13312
-5623 -3457
-3841 6912
-2270 -3457
2048 10240
12860 -3457
-1025 6656
-11692 -3457
3840 5888
23659 -3457
6912 2304
-25217 -3457
768 -4865
9600 -3457
5632 9216
9600 19842
-10497 12032
9600 21649
-8705 3584
9600 5028
-17153 -2049
9600 -3656
7936 5120
9600 19150
-13057 5120
9600 -16924
6656 7168
9600 26875
3584 13312
9600 -16110
-8449 256
9600 13354
2048 7936
9600 21825
-7937 -6145
9600 -13482
2560 256
9600 -19606
-3329 4864
9600 23163
-6913 -7425
9600 24702
1792 -257
6015 638
-6401 -3329
23663 -28034
7424 -6657
-20134 -30850
-5633 -513
27972 -7042
-2049 -6657
4653 -2178
-513 -6913
-1260 18559
3840 -1281
-15108 25727
12288 -3841
27619 -18561
7680 2304
6603 -11137
6912 -3329
17329 -3713
8704 -3329
-4710 -3713
1024 -8193
-13180 -3713
9728 -1025
9856 -3713
5120 8448
9856 -29825
8448 4608
9856 -10381
-1 3072
9856 -29599
5120 3072
9856 -4275
13824 6144
9856 25912
3840 7168
9856 -19422
18176 9472
9856 -15349
-3073 9216
9856 -12044
3328 -6145
9856 -8996
1024 14080
9856 4806
6656 -2049
9856 26799
5888 15872
9856 -21605
1536 1024
9856 -23160
13056 10240
9856 10369
2816 14848
9856 32129
2048 5632
12683 -5504
3328 8704
4767 -7552
4608 5632
8117 -28544
7168 1792
8652 28032
-6913 11776
-19485 10112
-3585 7936
12540 -1409
768 16128
22037 -3457
3328 12544
7726 -3457
-9473 12288
17479 -3457
-12801 2304
2655 -3457
11264 1280
6005 -3457
-2561 1280
9600 -3457
512 3584
9600 -3457
2304 13312
9600 6536
-9729 3840
9600 12185
-1 1024
9600 2989
-8449 -2561
9600 7106
512 3328
9600 -17449
-3585 4608
9600 24302
-1 -7169
9600 -22011
3328 5376
9600 13341
-13569 -4865
9600 3892
11520 3328
9600 17739
-4097 8448
9600 25951
-2049 -2817
9600 -4494
-5633 -4353
9600 28542
2304 -7425
9600 -18563
2816 2304
-19079 -29570
-7169 4864
25190 23166
2816 -5889
16465 -10882
-2305 512
19002 -13186
-5377 -7169
-9950 13951
12800 4352
-11766 14463
6656 5120
-7439 -24193
9984 -4353
-1064 -22145
256 7168
-18241 -3713
-2305 768
19623 -3713
10752 1024
-12144 -3713
11520 -9473
9856 -3713
-1025 3328
9856 -3713
512 5376
9856 4476
7936 3840
9856 -17301
-8193 -3585
9856 24921
10240 -6657
9856 -1980
8448 0
9856 8751
24064 12032
9856 -23528
11264 10496
9856 -32255
3840 3840
9856 14570
5376 0
9856 28627
-5633 6912
9856 6588
10240 -3329
9856 -4698
12544 14848
9856 2451
0 4864
9856 18819
1024 7168
9856 21377
-4097 7424
-25982 11137
7168 0
18835 -9088
4352 5376
25512 -19328
4096 11008
-12866 31872
6144 14848
14038 18304
-7681 20736
30702 4480
-3073 3840
-32762 -3457
-3329 6656
20768 -3457
3840 1280
-13256 -3457
8704 4096
-2991 -3457
256 9984
12904 -3457
5120 5120
-20355 -3457
-6913 8192
9600 -3457
-14337 3328
9600 15745
-513 256
9600 1679
-12289 2048
9600 -31583
-2049 1280
9600 -5707
-1537 -5633
9600 14795
1280 1792
9600 21985
5888 2560
9600 14072
-8961 3072
9600 24079
-8193 -1
9600 -9690
512 -5377
9600 62
2816 -1025
9600 14676
5632 2816
9600 -25241
-7425 8448
9600 -4743
-11009 11776
9600 -29826
0 -10497
9600 -7299
3584 9472
-15759 -26242
-257 -14081
2653 31358
3072 4096
-26297 -7810
2048 -1281
31280 -4482
-1793 2560
-11240 16511
-3585 -2305
23808 23935
6656 -6145
21223 -21889
9216 -1281
12238 -11905
0 -2305
10677 -3713
4864 2048
-3939 -3713
3584 2816
-2169 -3713
11776 8192
9856 -3713
7424 4864
9856 -3713
10752 1536
9856 2423
-1537 -2049
9856 -29852
14848 3840
9856 7505
15360 -1281
9856 -29125
8960 7168
9856 -987
8704 4608
9856 12815
8704 12800
9856 -8457
-2561 3072
9856 -24096
14592 -4865
9856 -7223
9216 9728
9856 5555
7936 1536
9856 -24162
10752 11776
9856 13707
-4609 1792
9856 3713
1536 11520
9856 -30591
-5121 -4609
21128 -3968
14080 6144
29852 -5504
6144 12288
18865 -26496
3328 -1281
8648 31360
-10241 15616
13536 11904
-1793 1792
25336 1664
-1793 4608
15121 -3457
-3329 12544
28458 -3457
3584 3840
27203 -3457
-6401 14848
12635 -3457
-5377 10496
-22927 -3457
-4609 3072
9600 -3457
3840 -5633
9600 -3457
1280 1536
9600 17285
768 -2817
9600 24470
2816 6144
9600 27049
-7937 8192
9600 -25154
-10497 7424
9600 24788
5632 -3329
9600 -11286
6400 1024
9600 -20479
6144 1792
9600 19737
-5633 10496
9600 30768
-13825 10496
9600 -27833
-10753 3072
9600 15708
-257 -12801
9600 -9617
-10753 1792
9600 -28035
1280 1536
9600 -1411
0 2048
5756 20862
-7937 2304
-21655 30078
-257 768
-18860 -19586
8192 -3585
12606 -9858
4352 3840
-19418 7039
18432 1024
-30962 16767
6144 6912
-4363 -30849
1792 1792
-5668 -20097
-1537 -16897
196 -3713
-3329 -769
-18518 -3713
7424 -3073
2197 -3713
11520 19456
31872 -3713
1792 -2561
9856 -3713
256 5632
9856 -7043
768 -4609
9856 -19345
10752 6400
9856 -15268
3840 4096
9856 -28088
7680 -769
9856 -1998
10496 9216
9856 -16100
2560 -6657
9856 -30459
12544 7168
9856 16878
-5633 16896
9856 -14378
10752 2816
9856 17856
256 5888
9856 6314
8448 8192
9856 -22122
6144 6912
9856 -11644
512 7424
9856 19841
9984 7424
7041 20097
-1025 11008
6544 -7552
1280 -769
165 -14464
0 9984
-23878 -31616
5376 9472
19410 22144
6144 3328
-4375 7040
2304 11776
-16382 -3457
-1025 14848
-10725 -3457
-2049 1024
30516 -3457
-11265 11264
-15539 -3457
-7681 -1281
31076 -3457
-1 11520
7802 -3457
3328 11776
9600 -3457
-13057 7680
9600 -3457
-3585 5120
9600 140
-12033 -3073
9600 5022
-2305 -4353
9600 1714
-1537 2304
9600 -21049
-3841 -1537
9600 -25123
-3585 9472
9600 29172
-3073 7936
9600 26379
768 -4097
9600 11299
-3841 2560
9600 -5575
1280 1792
9600 26960
5632 -1025
9600 22628
4352 7936
9600 4471
-7681 1280
9600 -14210
-2817 0
9600 -21379
14592 -7937
13685 -21378
5120 512
-2464 23166
-7937 2304
30283 -5506
11264 2048
-15052 -11394
-2305 -2305
-4324 18815
2048 -5121
2053 16767
1024 -7425
-8213 -19585
13824 1792
-9006 -19585
8192 9984
-28487 -3713
-513 4608
18338 -3713
3072 6656
-17013 -3713
2560 -8705
9856 -3713
7168 -2561
9856 -3713
9216 -12033
9856 27257
3584 8960
9856 11368
2048 2048
9856 -2220
512 -3073
9856 -1985
3840 -1537
9856 7978
4864 4864
9856 -31213
14592 1024
9856 -15876
16384 2560
9856 -22812
3840 6400
9856 3790
-2305 768
9856 8119
14080 7168
9856 27298
14080 -3329
9856 -6770
5376 6656
9856 -31871
13312 13568
9856 23425
-513 11520
19589 129
-3841 5632
-20585 -9344
1280 9984
-17748 -23168
1024 7680
-20029 29568
2816 5632
987 15488
6912 9216
-28173 1408
-5633 10496
15884 -3457
512 13824
-32475 -3457
-1793 4352
5438 -3457
1792 7936
3159 -3457
-3329 10496
-5268 -3457
-6657 -769
9600 -3457
256 -1
9600 -3457
-8449 1536
9600 2947
-4353 5632
9600 -19054
2304 11520
9600 -31067
-18689 5376
9600 14522
-1025 1280
9600 7632
-8961 512
9600 8166
-1025 5888
9600 -772
5632 6144
9600 26388
-7425 12032
9600 300
-14081 -3585
9600 -10686
-257 -7169
9600 -15528
-513 2304
9600 -10389
-7169 -2817
9600 7548
-513 -257
9600 12926
2560 -1793
18814 9598
2560 -513
-4243 32638
6656 4096
-20136 -25730
-3841 1024
-11454 -9858
5376 512
-27093 1919
-4865 0
29203 16767
-1025 1024
507 29055
3328 6912
-9503 -20097
-1793 2048
-4664 -7809
6912 -769
14512 -3713
-5889 4352
23449 -3713
5120 -1
-3453 -3713
3072 6144
9856 -3713
3840 -257
9856 22655
9216 6912
9856 6003
-769 -2305
9856 -29088
4864 5888
9856 -15796
-3585 7168
9856 9271
17152 2816
9856 27425
7936 7424
9856 19466
2048 256
9856 6643
7680 7168
9856 32731
-6401 1280
9856 -18492
9216 7424
9856 -24658
2816 12288
9856 -13158
-1 7424
9856 -18297
4864 13568
9856 12673
1280 12544
9856 -28031
8960 7936
26252 -7040
512 -1
21664 -4736
6912 13824
11446 -29824
-7681 12032
-27443 29568
-1793 -5889
19173 9088
5120 256
-32259 -385
-2817 6400
791 -3457
8192 10752
-27089 -3457
-4353 14080
-15032 -3457
-3073 16384
4448 -3457
-2305 -7169
32118 -3457
5120 5120
9600 -3457
8192 1536
9600 -3457
256 5888
9600 -11640
-1793 9728
9600 12954
-13057 5888
9600 4782
-4353 -13825
9600 29891
512 -2817
9600 -296
2816 -13057
9600 -6417
-1025 2048
9600 -23034
-4865 6144
9600 12830
-14849 2048
9600 6197
-5889 -2817
9600 24652
-513 -5633
9600 -22432
9472 -8449
9600 4212
-2305 768
9600 22142
-8705 1024
9600 -11907
-12545 2560
-15240 32638
-7169 -5633
11109 27262
-1025 -3073
2384 -13186
0 -5889
2105 -9602
10496 -3329
22305 12415
8192 4096
15113 17791
6912 4608
-27152 -25985
-6145 -3073
13783 -18305
5376 0
30142 -3713
7168 7168
-9051 -3713
7936 -10241
-4209 -3713
13056 6912
9856 -3713
5888 4352
9856 -3713
-4865 512
9856 -16773
8960 -1793
9856 7531
7168 3072
9856 -30376
7424 7424
9856 -17341
1024 -1281
9856 -211
4864 6912
9856 -29673
4352 9472
9856 26112
512 7424
9856 12009
5120 512
9856 -8495
-1 6144
9856 14011
-1281 -513
9856 -11355
4864 4352
9856 -17006
5120 17152
9856 -27262
-9217 13824
9856 24193
2304 768
-3454 4225
-769 10240
9364 -9088
2304 -1
11433 -21120
4864 9984
-32065 31616
6400 13568
21975 17792
2560 7680
10223 4224
1024 4096
10504 -3457
-6913 0
16417 -3457
768 5888
26682 -3457
5120 2304
14163 -3457
3328 13312
-24471 -3457
-9473 6400
20094 -3457
-2561 4096
9600 -3457
-1793 6144
9600 -30079
-9729 0
9600 -881
1280 -3585
9600 -1375
-12289 4096
9600 -13130
-5889 9984
9600 1996
768 -4353
9600 18146
2560 6144
9600 6393
-2305 7936
9600 -21232
-9729 3584
9600 -13017
-5633 -3585
9600 -5058
2304 -1
9600 1621
4608 -5633
9600 -21912
-2049 10496
9600 16506
-769 768
9600 -25218
1024 -6401
-4737 -10371
1024 512
24945 -23426
1792 -5889
10332 29310
4864 -5889
22598 -4994
8448 -4865
-31697 -5762
4864 3584
-25577 19071
-2049 768
22015 22911
5120 -4865
-1051 -19329
-257 2560
-564 -12673
10496 -10497
-27725 -3713
17152 6656
157 -3713
-513 768
-22138 -3713
768 7936
9856 -3713
-1025 -2561
9856 -8065
7424 3840
9856 31862
5632 4096
9856 -31901
15104 7424
9856 592
-769 1792
9856 -18118
256 7680
9856 -6108
-8449 1280
9856 5390
6656 2048
9856 23543
4608 5888
9856 23263
9472 4608
9856 -8760
1536 3584
9856 27057
512 4096
9856 10654
-4353 3840
9856 -9334
7168 10496
9856 4481
2048 2304
9856 -31615
6912 2048
-8568 -3968
2304 12800
1949 -6784
-3073 7168
20658 -27008
-1537 7936
32457 29312
15360 7680
10721 11648
768 -3841
27385 -129
8448 9216
-5871 -3457
4608 17152
-20693 -3457
-257 6656
26692 -3457
-5633 11776
-18852 -3457
-1 5120
-25998 -3457
768 -1
9600 -3457
6656 768
9600 -3457
-3585 10752
9600 -7035
-1537 2048
9600 17047
256 6144
9600 -12374
2048 -257
9600 -14401
-2817 2304
9600 -23083
4096 -1
9600 -3861
256 -769
9600 3
-5377 256
9600 -31718
-1793 0
9600 -22479
-1 -4097
9600 -29112
512 5120
9600 26205
9728 1280
9600 -13200
-4865 1024
9600 10622
1280 -5889
9600 -13955
-2561 -257
31355 30334
4096 -4353
-24472 24958
4096 2816
27219 -14722
-3585 -2305
-8388 -12674
8448 -5121
25381 10623
-5121 1024
2829 15487
5632 -257
18932 -28289
11520 1792
-32037 -20865
1792 4352
-3135 -3713
4096 -11009
-15959 -3713
10496 -7169
-28269 -3713
5888 1024
9856 -3713
4352 256
9856 -3713
5632 4352
9856 -30851
5120 7680
9856 -24722
-1793 -257
9856 21595
4352 -8193
9856 28999
9216 6400
9856 29233
7424 5888
9856 -31205
768 1024
9856 -11004
-3841 2304
9856 -21268
-7681 -2817
9856 -24875
2048 -5633
9856 -14146
9984 2048
9856 -10072
8960 13568
9856 8597
-2305 8704
9856 27524
-3073 12544
9856 19329
-3841 10496
-29567 18817
2816 -4609
16273 -8576
3072 6912
-19291 -14720
1280 8448
-837 -32384
3072 14080
30931 21632
-9473 20224
-14357 5760
-4353 12032
-3069 -3457
-9217 3328
-27363 -3457
4864 6912
-10699 -3457
5632 8448
29775 -3457
-1793 19200
1382 -3457
-5377 11776
-1157 -3457
-14849 5888
9600 -3457
-1281 -3073
9600 19584
1024 4608
9600 11917
-6657 12800
9600 -24417
1024 8448
9600 28339
-7169 6912
9600 3273
-7169 2048
9600 -7202
-12545 8192
9600 -31242
6144 -8193
9600 5389
-3329 768
9600 -7132
512 768
9600 9275
-15617 9728
9600 1618
-8193 -3329
9600 -16539
4352 -1281
9600 -27784
5120 -4865
9600 -21890
2560 3072
9600 -13955
4096 -1537
-2189 -24450
4352 -1281
11615 27518
1280 -10753
-6327 -7554
-2049 768
-27086 -7554
9216 -6657
26395 16511
12032 10240
-8958 20863
2816 3840
-3351 -21889
3072 -3585
9681 -14721
-2561 -1025
30647 -3713
5120 -3329
8864 -3713
0 -3841
4490 -3713
4352 -4353
9856 -3713
1024 12288
9856 -3713
6656 1536
9856 25976
1280 3072
9856 -31642
6656 -4609
9856 15955
4864 -513
9856 14398
11008 8192
9856 16424
3840 7424
9856 -32239
2816 6400
9856 -25094
-8449 -769
9856 4579
13056 -2305
9856 204
12032 6912
9856 -31307
6400 5376
9856 -24416
7680 8448
9856 17293
-6657 7936
9856 4481
-2049 3072
9856 -30079
-1793 10752
-8314 -2688
10496 7936
-6247 -5248
3072 11264
-1362 -25216
2304 8448
6598 32128
-257 11520
15837 13952
1024 4608
-17163 3200
-1025 12544
-17394 -3457
2816 8448
12839 -3457
768 15616
-28864 -3457
-769 9984
30808 -3457
-11777 4864
20847 -3457
5120 5376
9600 -3457
-6401 14080
9600 -3457
1536 1792
9600 7556
-7681 5376
9600 -23404
-14337 1024
9600 17575
-6657 -3073
9600 15548
-2817 11008
9600 -13871
2560 3072
9600 30184
256 2304
9600 4095
-9473 -1
9600 -12522
-6401 2560
9600 -2259
-2049 -2049
9600 -20156
2816 4608
9600 -15783
-513 2816
9600 -22163
-4609 -5377
9600 -11396
-4097 3840
9600 9086
-11777 -3585
7037 12926
4608 -2305
-12181 -31874
1792 -5377
32343 -24706
10496 2304
-27328 -8834
-769 1024
-31447 3455
3072 -9473
-20719 17279
-6657 1024
24825 30591
8192 5120
-2593 -20097
11776 -5377
5063 -5249
3328 -2305
-4179 -3713
2816 -1537
-7017 -3713
6912 -5377
32642 -3713
8960 8448
9856 -3713
9216 256
9856 -19074
1024 5888
9856 -16015
0 -12545
9856 -4002
3840 -1025
9856 -10934
7680 -3585
9856 27701
5376 -2049
9856 30751
-769 11520
9856 21256
8192 -11521
9856 -24335
3072 -2561
9856 -7207
7680 -769
9856 5315
11520 9728
9856 -27476
3584 5120
9856 9113
1280 6656
9856 15494
3072 1024
9856 17025
3072 -7937
10880 27777
-2817 6656
14221 -6528
0 1792
20898 -10368
3072 13824
-10825 -29824
-3585 20480
17615 25216
-3585 12288
-26906 8576
-5633 2816
26879 -3457
-769 10240
14616 -3457
6400 9472
10801 -3457
-1537 16384
31562 -3457
-2305 5888
-17567 -3457
-2049 4352
-11145 -3457
5376 8192
9600 -3457
768 3328
9600 -3457
8704 3328
9600 -4471
5632 9472
9600 31899
-10753 256
9600 28847
-4353 256
9600 -22076
-6145 -8961
9600 -19238
1792 3328
9600 28145
-5121 -257
9600 26120
-1025 -5377
9600 8224
-3841 1536
9600 20791
-7681 -5633
9600 -15027
2560 -769
9600 -15519
-11777 2304
9600 7541
-2049 -1793
9600 -23938
7680 4096
9600 -20099
256 -4865
-25993 -25474
2816 -2817
-11933 23166
1792 -4609
30542 -8322
2816 6656
-9417 -12162
768 -2561
-7393 16255
-2049 -5121
-761 15999
10752 -6657
-6930 -22401
10496 -769
-1579 -20353
5632 -4865
-7492 -3713
7168 3328
-17244 -3713
1536 -10497
21134 -3713
-3073 -2049
9856 -3713
3584 -5377
9856 -3713
8448 -2561
9856 1403
2304 256
9856 11370
11264 -4353
9856 -27305
2816 11264
9856 -26046
2048 -5377
9856 -19668
7168 4608
9856 10518
5376 8192
9856 31743
10496 7424
9856 -4377
4352 0
9856 -2608
8960 5888
9856 -13895
1792 13312
9856 -7772
-2817 15872
9856 20881
256 1280
9856 12674
-8961 512
9856 23937
3328 2304
-5757 3713
13824 12800
1173 -9600
-1 11008
-23638 -21888
-1281 14592
-13120 30848
256 -257
31704 17024
3072 4864
-31760 3200
6144 1024
-24824 -3457
7680 10752
31266 -3457
6144 8960
-4038 -3457
512 9472
2644 -3457
-3841 1024
11370 -3457
-7425 -4609
12159 -3457
4864 -2817
9600 -3457
2816 -4609
9600 -10879
0 11008
9600 15760
-5633 3840
9600 931
-3329 2816
9600 -31049
-2049 -3329
9600 6093
5888 -3841
9600 22499
8192 9728
9600 15610
2816 5888
9600 12049
-1025 2048
9600 -12760
-5889 2304
9600 -31169
-6913 -9729
9600 -6315
1536 -15105
9600 7529
1024 4096
9600 -18566
256 3072
9600 31102
-3329 6912
-2177 -4227
-4865 -1025
-24464 -26754
-8449 -3841
-18597 32382
8192 -9473
-5051 -7298
11520 -10753
-27346 -3458
-3841 1536
-31722 18047
9728 2816
5630 24447
4096 6144
31461 -20097
1792 -11265
-31028 -11649
6656 -8705
32435 -3713
10496 1024
924 -3713
3584 -3841
30598 -3713
4608 8192
9856 -3713
4608 -9985
9856 -3713
5632 -10753
9856 6005
4352 -1025
9856 -12702
19456 -2561
9856 -13489
11520 5632
9856 3898
2304 9472
9856 15396
0 7168
9856 -28147
-6401 7424
9856 28918
15872 9728
9856 -1826
2560 2560
9856 4808
11008 8192
9856 15793
10240 7936
9856 27805
-1 11776
9856 22666
7424 10752
9856 5505
-7937 2304
9856 -29055
13568 14848
-376 -4736
256 11264
10653 -5248
2304 8448
-7758 -27520
6400 9216
-21815 31104
3328 5376
27873 11136
-4865 3072
-14855 1152
7680 3072
-10990 -3457
-4609 5888
-30165 -3457
-257 7424
20805 -3457
4608 5376
31068 -3457
1792 13568
-23950 -3457
-513 11264
9600 -3457
-3329 5376
9600 -3457
-5121 -3073
9600 4230
-8193 4352
9600 -28777
0 -3329
9600 -14166
-9729 7168
9600 -28225
4864 5888
9600 17365
-4865 -6657
9600 2028
-11265 -8705
9600 -2558
-5121 3584
9600 -13542
3584 -3073
9600 24369
4096 4352
9600 24136
-3329 1280
9600 -6820
-769 3328
9600 -14992
-8449 2304
9600 -16259
4096 -2561
9600 -4227
0 -1025
-31621 23422
-3329 -769
-1944 29310
512 -1537
-3501 -18818
-8193 -10753
2109 -9858
7936 -4097
13094 7295
-3841 -2561
31501 17279
12800 -12033
14069 -30593
6144 3072
12508 -19329
-1025 -6145
4035 -3713
3584 5632
24234 -3713
3072 768
27540 -3713
9984 -11521
9856 -3713
7168 -513
9856 -3713
10496 5632
9856 -12163
8960 0
9856 -28561
5632 1536
9856 8540
6400 -2049
9856 -4537
2816 -5633
9856 -26318
6656 1280
9856 27164
6912 9216
9856 4869
5888 4864
9856 -6931
5120 5120
9856 28630
6912 -3073
9856 -321
6656 3584
9856 4522
4608 1024
9856 -21610
9728 6912
9856 -15228
6912 17664
9856 20097
-1537 7424
21633 18817
-6145 2816
18576 -7808
-769 8704
-17500 -14720
13824 2816
-10310 -31616
-2561 9472
25554 21632
-4097 15872
-2327 7040
-7425 11264
-32766 -3457
-5889 8192
-11749 -3457
-8705 1024
-28620 -3457
-11265 8960
-26547 -3457
7936 512
-2716 -3457
2048 6912
6266 -3457
-4097 13568
9600 -3457
-3585 256
9600 -897
-1281 -2817
9600 12684
1280 6912
9600 20126
3328 11520
9600 -6735
-3841 3072
9600 29127
-5633 3840
9600 -24355
-5377 -513
9600 -29964
-2049 -11009
9600 30475
-769 -9985
9600 -6110
7424 -2561
9600 -6599
256 2816
9600 23888
-5121 -769
9600 26212
-12545 1792
9600 15991
-4609 -6145
9600 -16258
6656 -7681
9600 -19587
3840 7680
10869 -22402
-513 6912
-5792 24190
512 -3841
-28085 -6018
2304 1792
-26060 -10882
-1 -7681
-3556 18559
1536 5888
-23548 17535
7168 -4865
31979 -20097
5376 -8705
2003 -19073
1280 -1793
-25159 -3713
8704 -1
13218 -3713
7168 2304
7052 -3713
-3585 -2817
9856 -3713
768 -2561
9856 -3713
7168 -4097
9856 17785
5632 -769
9856 18792
8960 -5377
9856 -15532
12544 9472
9856 -14017
10240 768
9856 12842
512 2048
9856 29715
5632 -2049
9856 -32004
3840 1792
9856 -24348
6912 9984
9856 -23091
768 -3073
9856 4791
8960 17664
9856 -26974
-8193 10496
9856 -9330
8192 -5889
9856 -27263
3072 3840
9856 23169
1280 6144
19077 129
12032 15872
-12904 -10624
-2817 9728
10413 -23424
3072 512
18884 29056
-7425 15616
-28709 15232
2560 -513
8948 1152
-1025 13824
28940 -3457
-1 12800
3110 -3457
-5377 3328
-25538 -3457
-5633 6144
30295 -3457
3328 2560
30317 -3457
-4609 3584
9600 -3457
256 2048
9600 -3457
-2561 10240
9600 22147
-5633 1536
9600 7059
-4609 7424
9600 -2907
-12033 13824
9600 31162
-3585 3584
9600 8912
-3585 -2049
9600 -12058
-5633 -257
9600 -771
1280 0
9600 -8428
-513 7168
9600 12076
4608 4352
9600 7747
-12289 5632
9600 -9384
-18945 -257
9600 18540
-2561 -513
9600 30844
4352 -7169
9600 9342
0 3840
5502 12158
-8705 6400
24429 31870
-6145 -4865
-2216 -25474
1536 -2049
13122 -9602
-1793 -9985
20779 2431
4864 -3329
16659 16767
7936 -1025
-23302 29311
4864 -4097
-25119 -20097
-2561 5632
-824 -7553
-4353 -513
688 -3713
6144 -1281
5017 -3713
9216 -4609
-22909 -3713
20992 2816
9856 -3713
1536 6656
9856 15999
1536 3328
9856 -18062
-513 -4865
9856 23904
4864 -6145
9856 -25524
3328 -769
9856 -12746
8192 3072
9856 -1504
1536 8704
9856 -9719
13824 8448
9856 -26126
7168 5376
9856 16091
1024 -2817
9856 17092
5120 11008
9856 -9043
7936 9984
9856 -29286
9216 12800
9856 31111
-10497 -1
9856 13441
4608 7936
9856 -31871
1792 -513
-31604 -6784
1792 3072
-8288 -7296
-257 6400
-29258 -29568
-6401 1024
-30259 28032
-1281 8960
-30235 8832
512 0
-8195 -1665
2816 12288
-6378 -3457
-4097 11008
-13777 -3457
-6401 6144
-5304 -3457
-1025 14336
-23200 -3457
-1025 1024
-6794 -3457
4352 4096
9600 -3457
4096 7168
9600 -3457
-2305 10496
9600 -9848
-8193 -2561
9600 27034
-3329 3328
9600 18862
-2561 2816
9600 -25149
2304 4096
9600 21465
-6145 3584
9600 -24848
-7425 7680
9600 19207
-2817 -4097
9600 -2274
-8449 -6145
9600 -24779
-2305 2048
9600 -15284
-4865 768
9600 -21408
-257 -6913
9600 -31116
2816 -5633
9600 25982
-6145 768
9600 -13699
-769 -10753
25720 -31106
-6401 7936
5477 26238
-1281 0
-22705 -12162
-1793 -10497
23096 -10370
-3073 -5121
16161 13439
2816 -1281
-5368 17535
6912 256
7920 -24961
2304 0
-1066 -18817
-2561 -7169
3006 -3713
-4097 -4865
-14171 -3713
8960 -6913
-29297 -3713
3072 -3585
9856 -3713
3328 14080
9856 -3713
5376 1536
9856 24955
768 -7169
9856 -2198
4864 -3329
9856 25944
3328 -6145
9856 30787
8192 6144
9856 -16851
10240 5888
9856 9239
7168 7680
9856 8448
-4865 5376
9856 5609
4608 -8193
9856 26833
3840 -2049
9856 -19782
11264 6400
9856 14501
6656 6400
9856 12178
-2817 9216
9856 22402
-5889 512
9856 24449
-8193 1536
17027 2689
9216 1024
26260 -9088
9472 15616
10410 -21632
3584 13568
17344 31872
-3073 11008
-19497 17280
768 9984
-13073 4480
1024 2048
30984 -3457
3328 1024
24609 -3457
2048 7424
-17606 -3457
8704 10496
17491 -3457
-513 7936
-1943 -3457
-8961 3328
-21378 -3457
-6657 -513
9600 -3457
-1025 5120
9600 -24447
6656 -3841
9600 26000
-769 1536
9600 32418
-2561 8192
9600 7351
-9217 5632
9600 -23604
-8705 -5121
9600 24291
-4609 6400
9600 -4103
1792 8192
9600 -31983
512 1792
9600 19752
-513 4864
9600 32063
-7681 -1793
9600 22869
-5121 6144
9600 13673
8448 -4097
9600 -28038
512 -769
9600 -31874
10752 2304
-5249 -6275
-6657 768
-8336 -25218
-1537 5632
-1957 30846
-257 -10241
24390 -6018
8960 -769
-1234 -5506
-257 -513
-16362 18815
9472 -5377
-27394 22911
-5633 -8449
20197 -18305
5632 3584
31948 -13953
2560 -2305
-846 -3713
6912 -2561
-28516 -3713
-1025 6656
23942 -3713
8704 -6657
9856 -3713
4096 -1537
9856 -3713
1024 3072
9856 -10379
4608 -2561
9856 -7838
15360 5120
9856 -14513
-2305 -4609
9856 2874
1536 1536
9856 30756
6656 0
9856 -17139
10496 -4353
9856 -17162
4608 14336
9856 -10530
3840 9984
9856 4808
2304 3328
9856 30385
-9985 1280
9856 -32099
4608 8960
9856 6282
13568 13056
9856 7041
-513 6912
9856 29313
-769 10496
19849 -3968
-9217 8704
31389 -8832
2304 -4097
-1614 -27008
1536 8192
-13623 28032
10496 11264
14305 11648
-1025 16384
8954 -641
4608 9216
-9198 -3457
-1793 6400
556 -3457
-513 -5889
7749 -3457
-257 8960
-3236 -3457
5632 -3073
-1166 -3457
6656 6144
9600 -3457
-11521 21504
9600 -3457
-6913 2304
9600 7046
-9729 -257
9600 -7529
256 -3329
9600 -9046
768 -8705
9600 5056
9728 8960
9600 -4907
-6657 8704
9600 26860
-1025 768
9600 30467
-5121 -7425
9600 27
768 2048
9600 1074
5120 1792
9600 -20920
-1 -3329
9600 28765
-1025 8192
9600 17265
-11777 -1025
9600 13438
-1793 -769
9600 -14467
1024 -2049
8827 31102
11520 -12545
15720 24958
3584 4096
339 -14466
-1281 5376
31548 -12418
2304 -3073
18981 10623
5120 -14081
24077 15231
7936 -1537
1012 -27777
11008 -4865
28635 -20865
8704 -1281
5570 -3713
-1281 8448
27305 -3713
256 0
14739 -3713
2816 -1025
9856 -3713
7680 -9729
9856 -3713
17920 4096
9856 30589
2560 2560
9856 22126
13056 3072
9856 -1190
6656 -513
9856 -4538
2304 -8193
9856 12849
8960 1024
9856 -8678
14848 -2305
9856 2564
17664 6656
9856 -19988
1536 12288
9856 16853
-1025 0
9856 28862
4096 10240
9856 -3160
5888 -3841
9856 13205
9472 2304
9856 23684
5120 18944
9856 19841
7936 9216
-24959 18305
-3585 6912
27537 -8576
-1537 3328
-6235 -14720
7168 -2817
19900 -32384
4352 1024
-21293 21632
6656 -2049
-3605 5504
2560 11008
516 -3457
-2561 1536
-24035 -3457
-6913 7680
16182 -3457
-5889 3840
25423 -3457
6656 6400
3942 -3457
256 3840
-14469 -3457
5376 512
9600 -3457
-11009 11008
9600 18560
4352 4864
9600 -5492
-4609 256
9600 32671
5376 4096
9600 23219
-257 3840
9600 -5688
-5889 12800
9600 -3106
-3073 -2817
9600 16630
-8193 10240
9600 -12532
-4353 -1281
9600 -16092
-3585 1024
9600 14395
-19201 -2561
9600 -13487
-1 -5121
9600 31333
2560 -6913
9600 -26760
0 -1025
9600 -23426
-8449 6400
9600 -13443
-6913 -1281
-3981 -24962
-4609 -4865
-30625 27518
2816 256
15434 -7810
0 256
-11470 -7554
6912 -6913
19227 16511
-5377 -7425
-8190 20607
8192 -1281
5354 -21633
-257 -4865
-3120 -14977
0 3328
4536 -3713
3328 8448
32416 -3713
4608 1280
12682 -3713
2304 8960
9856 -3713
-5121 -1025
9856 -3713
17664 768
9856 26488
5632 256
9856 -23194
6144 3840
9856 20307
5376 2816
9856 21054
6144 5632
9856 22056
2816 512
9856 -2031
3840 6400
9856 -32518
13056 5888
9856 32483
2304 1536
9856 11980
4096 -6145
9856 -19787
-2305 -769
9856 -352
8448 1792
9856 -29811
7680 18688
9856 14209
-3585 1536
9856 30337
6144 11520
21382 -1664
-8449 7168
-13671 -7040
2304 -1281
-6226 -24704
4608 3328
26821 31360
4096 3584
9437 13952
11008 10496
18933 2944
1536 7168
20750 -3457
-14081 11520
3111 -3457
-3585 4864
19520 -3457
-513 0
21848 -3457
-2305 14848
-9106 -3457
-3585 21504
9600 -3457
-3841 17664
9600 -3457
-17665 4608
9600 17284
-9473 1280
9600 -29036
6400 5888
9600 2471
-3329 11264
9600 30396
-1025 6400
9600 -25647
-9217 13056
9600 20200
-3841 -5121
9600 9983
-3841 -2817
9600 -6122
1024 2816
9600 -20179
256 2560
9600 12101
-5889 1280
9600 -7335
-9985 -5377
9600 -13203
-2561 2560
9600 -3716
-7425 2048
9600 7806
7424 1536
12925 13438
-769 2304
-28565 -32130
-2049 3072
8791 -24706
1792 -7681
30016 -8578
-1 5120
22057 3455
-1793 5376
17681 17535
5120 -5121
-6664 30847
5120 0
-20257 -20097
-3073 -5633
9159 -5249
8192 -5377
-15443 -3713
10752 512
20375 -3713
14080 1024
18562 -3713
768 8704
9856 -3713
-2561 2816
9856 -18306
14080 -257
9856 21361
6912 7168
9856 -418
18688 1536
9856 -5814
5888 11008
9856 3893
3840 2048
9856 17951
6656 4352
9856 15368
4096 0
9856 25585
16640 5888
9856 -22823
7424 9728
9856 -16958
8192 4864
9856 11692
9472 4864
9856 -3688
4352 -6657
9856 7814
-1281 7168
9856 17281
-7681 -1281
9856 27009
-1 8960
24461 -6784
-1793 5632
-16478 -10624
5632 10240
-4681 -30336
1536 4096
21455 25216
1024 9728
4071 8320
6144 7936
32255 -3457
6656 6144
-21480 -3457
4352 3072
-31695 -3457
2048 1536
-24502 -3457
6144 6656
5474 -3457
-257 10752
-17801 -3457
1536 2304
9600 -3457
-7169 3584
9600 -3457
-3841 4864
9600 32138
4352 5376
9600 -27748
-513 1536
9600 -29265
-2305 6144
9600 -5180
-9985 3584
9600 3547
-15361 -4865
9600 -18191
-10241 3584
9600 1801
-3585 -5633
9600 13344
-2305 1024
9600 22583
-3329 -1025
9600 -435
-15361 -1537
9600 5474
-8961 -2817
9600 21109
-5121 -11009
9600 -24450
768 -5377
9600 -19075
5376 -4609
-32137 -26242
1024 -1025
-15517 23678
-3585 -1281
11854 -8834
0 -9729
-26569 -11906
2560 -2561
-11745 15999
9984 -1025
29191 16255
1536 -8705
-22290 -22401
-3073 768
-28971 -19841
-2305 -513
27068 -3713
7424 -9473
5797 -3713
-3585 -5633
-26226 -3713
-257 -16129
9856 -3713
9216 6912
9856 -3713
8192 1536
9856 2171
3328 3584
9856 7018
1024 2816
9856 23895
-2561 -5377
9856 -31934
4864 3328
9856 -25812
8960 7680
9856 -235
10240 9728
9856 28671
0 5632
9856 21479
6912 512
9856 -21296
7680 2048
9856 -24391
4096 -3585
9856 -11356
11520 6144
9856 -3440
8960 9728
9856 8322
-1537 17152
9856 23937
-5633 8448
-3197 1921
-1025 -7681
-13163 -9856
16128 11008
-15958 -21888
2816 10240
5313 30592
9984 7680
-13096 17024
-1793 7424
-27920 3200
-2817 7680
16649 -3457
1792 2560
-23774 -3457
512 8192
19259 -3457
-2305 9728
-29612 -3457
-257 5888
25706 -3457
512 7424
19071 -3457
768 9984
9600 -3457
-257 7936
9600 12162
1024 10752
9600 -7280
-1793 -5121
9600 24739
-4353 5120
9600 -585
-5889 -3585
9600 19917
-8193 13312
9600 -285
-1025 3840
9600 26362
-7169 2560
9600 274
-9217 -6401
9600 -30935
-7169 2560
9600 1088
2560 -3329
9600 14934
-769 -5121
9600 -31383
7424 -1793
9600 6011
-8961 15872
9600 25982
-5889 -257
22911 -131
-5121 -11009
-1937 -28546
-257 -6913
19035 -31106
4608 -1537
-1980 -8066
7680 -5889
-3283 -2178
-11009 2560
12054 17279
-5889 9728
-11011 25727
3584 -20993
-16924 -20097
10496 -7169
30923 -10625
5632 -4097
20914 -3713
16384 7680
-27237 -3713
-2049 -3841
134 -3713
1792 -1281
9856 -3713
256 -4097
9856 -12929
3072 -9217
9856 -17548
11520 5376
9856 22114
3840 5632
9856 8783
8192 8192
9856 32057
1024 3072
9856 -7901
6912 -10753
9856 -5108
8448 -3073
9856 -21003
3840 -2561
9856 18142
7936 9216
9856 4039
4864 -257
9856 -336
2816 4352
9856 -19812
2304 11264
9856 -29047
-4097 -1537
9856 7809
14592 8704
9856 -29311
-1 17408
-16247 -4992
-12545 9728
-6243 -4992
-513 9216
-10317 -28032
1536 5376
28362 30848
6400 -3585
29154 10624
4608 9216
-23558 896
5120 9984
-16365 -3457
-257 9728
-12500 -3457
256 7680
24390 -3457
-3329 512
-22435 -3457
10496 2048
-909 -3457
1792 4864
9600 -3457
-1281 -2561
9600 -3457
-3329 12032
9600 -32122
-11265 6656
9600 16792
-2817 4864
9600 -5461
-8449 6912
9600 -832
-11265 -5121
9600 28118
8192 13312
9600 12525
-8961 7680
9600 -2557
-3073 3584
9600 284
-4609 1536
9600 -29646
5376 -2561
9600 -7351
-12033 1536
9600 6494
-5889 512
9600 -4239
7168 -9473
9600 10622
1024 5888
9600 -11139
1024 -7937
-20358 29310
-513 -1537
24167 27518
768 2304
25682 -15746
3840 -7681
-13253 -10370
-4353 -1793
-17884 9343
10752 -8193
18188 17535
2560 1280
-17165 -29569
-257 -9473
-27430 -17793
2816 -1537
-13375 -3713
512 -10753
-9048 -3713
7680 2304
-5742 -3713
5632 -6913
9856 -3713
2304 6656
9856 -3713
2560 1024
9856 10877
-2305 -8961
9856 12654
11776 12288
9856 -15782
8192 6400
9856 -27066
9472 2816
9856 -2256
5632 768
9856 -23014
3328 6656
9856 -2045
4096 1536
9856 -30740
10240 -513
9856 -16684
3328 12800
9856 24766
6656 7680
9856 -20056
7680 7168
9856 12949
512 4864
9856 -5757
6144 -1281
9856 21633
10752 10496
-31359 12161
-6401 7936
19089 -7808
5632 3328
-347 -18560
3072 4608
16828 -32128
-6657 3584
-9773 19584
3584 7424
-11541 5760
4352 7424
30212 -3457
1792 7680
-19939 -3457
-1025 10496
22582 -3457
1024 4096
-25009 -3457
-5633 4096
18790 -3457
4608 6400
-17285 -3457
-2049 11008
9600 -3457
-4353 2816
9600 23424
-3329 3328
9600 -7540
-1793 -5889
9600 28575
-3841 6144
9600 -32077
-7169 8704
9600 -4408
-9473 15360
9600 -7970
1280 -3329
9600 -6155
-13313 -1793
9600 6157
-1793 -257
9600 -29660
-2561 12288
9600 -28613
-5889 -3329
9600 -6063
-2049 -3841
9600 31589
-7169 -1537
9600 19576
4352 -1281
9600 -19074
-513 4608
9600 -16771
2816 4352
10612 -23170
-10241 3584
-31137 25982
0 -769
-7351 -5762
-1537 512
-13774 -9346
6400 256
-1254 18303
8192 2048
15363 18815
-3585 1792
-20503 -19585
-5121 -2561
5073 -17537
-9217 2048
-21577 -3713
-4609 -2817
28832 -3713
14848 0
-21879 -3713
10240 6400
9856 -3713
3584 9216
9856 -3713
768 -513
9856 25464
-257 -3841
9856 32102
5632 -5121
9856 21843
9984 -257
9856 4670
14592 -1537
9856 31784
8192 11776
9856 25617
256 5632
9856 -19462
6656 2816
9856 -1566
6400 -6913
9856 24268
7168 3840
9856 10165
-3073 12544
9856 -11104
-769 8704
9856 9101
2560 5632
9856 15489
1024 3072
9856 29313
-1537 7936
24198 -1664
1792 10496
-15975 -8064
14848 17152
17327 -24704
-1537 5888
710 29824
6144 6144
-23843 13952
-3585 9472
-5899 1408
3584 4352
-27634 -3457
-4865 11264
-17369 -3457
-3073 -2305
-22720 -3457
-2049 6912
25945 -3457
-1793 4096
8815 -3457
-4865 5120
9600 -3457
-5121 10752
9600 -3457
-6913 2560
9600 21380
-13057 2304
9600 -2924
10496 512
9600 -25689
-3073 -1281
9600 -22340
-4097 11520
9600 -303
3072 1792
9600 -26648
-5889 9216
9600 -11777
-4353 5888
9600 13079
768 -3329
9600 19502
-5633 4608
9600 7749
-2049 -2049
9600 -19622
-2305 12288
9600 -6547
-5377 -8193
9600 12413
3328 -1793
9600 1150
-3585 5120
22653 18302
6656 1792
21867 29822
-4865 -3841
-6826 -21378
0 3072
-14272 -11138
12288 7168
9257 5247
2048 -2561
4625 16511
8448 1536
-21256 32383
-5121 512
-24097 -20353
-6913 -7937
21702 -3969
6400 -7169
-24915 -3713
-3841 768
-1898 -3713
16640 8960
14210 -3713
8192 2560
9856 -3713
2304 2048
9856 -12418
6400 9216
9856 26737
12288 -7169
9856 -13218
4096 -2305
9856 20554
6144 5120
9856 -8652
5376 11264
9856 -8674
1024 6912
9856 4360
6656 4864
9856 31728
4096 256
9856 26073
18944 768
9856 18882
13056 13568
9856 7852
11776 7424
9856 -14952
4352 8448
9856 28550
-257 5120
9856 15489
15616 -9473
19328 28801
8192 7680
-17267 -7296
3072 7936
6051 -10112
4096 10752
-19528 -30592
1536 14080
-31537 25728
6400 -1537
-3353 7808
-6145 6144
-4865 -3457
6400 5120
-14568 -3457
2304 3840
-30927 -3457
2048 6656
17483 -3457
1024 13312
4194 -3457
0 3072
-29064 -3457
2048 3328
9600 -3457
512 -3841
9600 -3457
-4609 16128
9600 -3191
-6913 11264
9600 14748
-4865 1024
9600 -10577
-8705 1024
9600 32197
-7169 -2305
9600 23259
768 -7425
9600 15346
-257 5888
9600 -16888
-2817 11264
9600 -16352
-4609 -4097
9600 -18633
-11521 256
9600 -29362
-11009 -3073
9600 21090
-1537 -2817
9600 -11147
-1 6144
9600 32126
-2561 6912
9600 -13699
256 4608
31607 -29314
-3841 2816
30819 26750
-1537 -1281
-691 -10882
6656 -11777
-8394 -9602
11776 -769
-27361 14207
9984 -2817
8711 18559
-6657 -3073
-12050 -24193
-1025 -11009
26069 -17793
8704 -12033
9916 -3713
6912 5120
17316 -3713
5376 256
29582 -3713
3840 7680
9856 -3713
6656 6656
9856 -3713
1024 512
9856 -8326
6400 3840
9856 -8343
768 1792
9856 -5546
10240 2560
9856 66
5888 5120
9856 23340
1792 -2561
9856 -1259
9216 7424
9856 17151
9728 -1281
9856 -25113
512 4096
9856 8912
2816 5888
9856 -19271
-1 7936
9856 21156
8192 3072
9856 13457
3584 8448
9856 -2943
4096 14848
9856 24705
7168 7680
17028 1409
2304 14336
-29291 -9088
1792 -8193
13995 -22144
8448 1280
9921 31360
8192 8960
3545 16512
-257 11008
11249 3712
-4097 13824
-6647 -3457
-7937 -4353
5411 -3457
-4353 6912
13884 -3457
4864 3840
30036 -3457
13056 4864
3179 -3457
-5633 14592
25727 -3457
-4609 3072
9600 -3457
-12801 3584
9600 9346
1792 4096
9600 11409
3072 6656
9600 -27997
512 -2305
9600 24248
-2561 10752
9600 -21043
-6401 5632
9600 -13085
-5889 -9473
9600 -10502
-9729 3328
9600 25618
2816 -4865
9600 -21975
768 9728
9600 31808
-2817 768
9600 3158
-3585 -12289
9600 -151
-9473 -1
9600 -7558
2304 -2817
9600 31358
1024 256
8831 -3459
6912 -5377
-15505 -25474
3072 5632
-32677 31870
1024 -3585
30021 -6274
-5121 -769
7726 -3970
-2305 -9217
-10987 19327
5376 -5121
-17923 24191
9984 -6145
11236 -18305
3584 10752
-28469 -12417
5888 -1793
8114 -3713
1280 1024
31131 -3713
4352 -5889
-25979 -3713
7680 -3073
9856 -3713
5632 -5633
9856 -11393
11776 1280
9856 -31884
-1281 7680
9856 19554
0 5120
9856 -3506
-1025 -1025
9856 28473
4096 -1281
9856 -13277
8192 1024
9856 21516
7936 7424
9856 26869
2560 2304
9856 -17699
-4609 -2049
9856 12231
7680 -4097
9856 -30544
13312 256
9856 -10340
10496 768
9856 27785
256 16128
9856 8577
-4353 11008
9856 32641
256 8960
1930 -4992
-5377 4352
13214 -7552
7680 -1793
-32077 -27776
2048 15872
-13622 28800
7168 14848
-21278 10880
-2305 4352
3323 -641
1792 14592
-18157 -3457
-1025 1536
-7124 -3457
8448 3840
-16827 -3457
-9985 17408
-16547 -3457
2304 12544
-19085 -3457
-6401 11520
9600 -3457
-4865 3584
9600 -3457
-4609 9216
9600 -2682
-4097 -3841
9600 12184
2304 6656
9600 -11861
-3073 8704
9600 -11072
-6657 4864
9600 29654
-11265 3072
9600 14829
-2049 -2305
9600 -23548
7936 -7937
9600 -8421
-5377 0
9600 -1486
1280 -5121
9600 -19895
-7937 8704
9600 16990
9728 -9729
9600 -7311
-1793 4096
9600 13950
-5633 -1537
9600 -12419
2560 4608
-30086 30078
-14337 -2049
14183 26494
-1281 -4865
-29358 -15234
3584 -513
-28613 -11138
-1 -9473
11812 10367
6912 -3329
16652 16767
-6913 -257
4339 -27777
3840 -8961
-26918 -19585
8704 -7937
25281 -3713
9216 -4865
-3928 -3713
-2049 2048
-30830 -3713
512 -4865
9856 -3713
4352 -1793
9856 -3713
4864 -2305
9856 7805
14080 4352
9856 9582
9728 3584
9856 -23206
10752 10240
9856 30534
-1 6400
9856 -18896
5376 512
9856 15642
4608 512
9856 -30973
7680 4608
9856 7660
1280 5376
9856 4309
13824 13056
9856 -13891
11776 768
9856 21160
5376 15360
9856 6805
4096 2816
9856 8836
9216 16640
9856 20353
4096 9472
-21375 17025
3072 9472
-11631 -8576
-2817 6144
-18522 -15744
7936 4096
-6724 32640
-1 5632
-4141 20864
-1537 13312
18668 5504
-1793 10240
-12028 -3457
-5121 12032
19998 -3457
768 -4097
9015 -3457
10240 8192
-1457 -3457
-6145 13312
23654 -3457
-7425 8960
11388 -3457
-8961 4096
9600 -3457
-3073 4608
9600 31104
-3073 7680
9600 17549
7680 4096
9600 -13665
1280 2048
9600 -7501
-13057 13056
9600 7113
-7937 -5633
9600 30431
-11777 256
9600 22518
-7425 -1025
9600 27149
-2305 -6145
9600 -732
5120 6400
9600 -709
-2817 2816
9600 28242
-4353 2816
9600 -27547
-3585 -8193
9600 1145
-13569 -2561
9600 -28802
15872 -1537
9600 -9347
5120 -257
-12173 -27522
1024 1280
-7586 30078
5888 -3073
27209 -8834
1792 -5121
26418 -6274
512 -11521
-14054 15743
8960 -1025
13314 21887
5120 2304
18409 -21889
9472 -2305
15824 -14209
5376 -1537
-6218 -3713
-257 -11521
-10081 -3713
1024 -769
29577 -3713
4864 -2049
9856 -3713
2048 -3329
9856 -3713
-5377 -257
9856 -137
8704 2304
9856 5734
5376 8960
9856 -23470
9216 6144
9856 9021
-5121 3840
9856 -16601
11008 -1793
9856 -9712
6656 2304
9856 -7687
13568 1280
9856 31714
6144 11520
9856 32459
3328 19200
9856 -29772
3328 3840
9856 29088
0 -4097
9856 -6772
-4353 4352
9856 3457
8704 8960
9856 -31103
-2049 13568
6535 -2944
-2305 11008
-30054 -5760
1280 6400
-18001 -25472
-2561 8960
-26426 31360
11264 5632
20958 13184
2560 9216
24310 2688
768 2816
15119 -3457
-2305 12544
13864 -3457
-1537 5120
-11455 -3457
-2305 15872
-27047 -3457
-3329 4864
-11665 -3457
3328 3584
9600 -3457
-15873 11008
9600 -3457
1280 -3073
9600 32132
-3585 3584
9600 10645
-1793 3584
9600 -3161
-6657 4096
9600 -2884
-3329 1536
9600 -27438
-1281 2304
9600 20969
-4865 -1
9600 5120
7680 3584
9600 -12777
768 4864
9600 -29138
-3329 8704
9600 5446
-11521 -4865
9600 -166
-7937 -1025
9600 31598
2560 256
9600 16765
8192 4352
9600 2430
4352 5120
-12676 17534
6144 1024
-2966 31102
-14337 256
13910 -21890
-1793 -10241
-3521 -9858
256 -5633
-11224 4991
5120 -3329
21776 16767
3072 6912
19448 32383
-769 -2561
-8226 -20097
2560 3328
-3387 -3713
-4865 -8961
14765 -3713
12032 -5121
-27498 -3713
11264 -2561
32641 -3713
6400 -4609
9856 -3713
-257 10752
9856 -28802
-4097 -2305
9856 6001
4864 11264
9856 19294
2816 3328
9856 20298
22528 5632
9856 25652
2304 15872
9856 11550
9216 5120
9856 24583
2048 4864
9856 8944
768 4096
9856 -22312
13312 256
9856 27586
13312 2048
9856 -18517
11008 12800
9856 27032
-2817 15616
9856 -12667
-1537 4864
9856 17793
7424 256
25728 24705
3328 1280
15502 -6784
8704 12800
9379 -12160
-2817 8960
-19272 -30336
-2817 12288
4304 23680
-8449 13824
-13081 8064
-11521 10496
-21248 -3457
7424 -513
14105 -3457
-1281 7168
18482 -3457
-513 7168
25419 -3457
768 11008
-22430 -3457
-2561 3328
-30856 -3457
-1025 -1025
9600 -3457
768 -5121
9600 -3457
-7425 -5633
9600 11402
-2305 12032
9600 -31332
-10497 -513
9600 -30544
512 7680
9600 17349
-14593 7424
9600 -15141
-2561 9472
9600 15602
2304 3328
9600 19977
-9217 7424
9600 19233
-7937 6144
9600 568
-14849 256
9600 -23986
-769 -257
9600 8291
-3841 -9217
9600 -29323
-8449 6144
9600 -18050
256 -5633
9600 -22147
2816 -8449
-29834 -22914
4864 2304
-9886 22142
-3329 -1025
-32435 -6530
3840 -6145
-32458 -12674
-1281 768
-2530 17791
-7425 -5633
-30202 15999
5376 -5889
31725 -20609
14080 -14081
-8748 -20609
1024 6400
20923 -3713
-1 3584
-23133 -3713
9472 4352
-21619 -3713
-769 2816
9856 -3713
3072 -1793
9856 -3713
4352 -6401
9856 31866
10240 4352
9856 -29847
3584 8448
9856 -31658
1024 -2561
9856 22849
-5377 3584
9856 -20949
2560 2304
9856 10261
3072 -7681
9856 29438
6656 11520
9856 -28442
4608 7168
9856 21455
7680 15616
9856 -16968
0 10496
9856 17060
7680 3840
9856 23440
1280 11008
9856 898
6912 9728
9856 23425
3584 12800
21124 1921
-7937 12288
-21866 -10368
-769 3328
-28501 -22400
7680 7168
13506 30080
512 5376
28633 16512
9472 20224
-28687 2688
256 4864
25354 -3457
1792 15360
21027 -3457
0 1280
29244 -3457
-1 6144
19285 -3457
4096 5632
1899 -3457
-1 7424
-24705 -3457
-3841 14848
9600 -3457
-10497 9984
9600 27010
-5121 -1281
9600 19857
-7937 1280
9600 10148
2048 2304
9600 -5960
4352 512
9600 7118
-3073 5632
9600 18660
1024 11776
9600 26875
-13313 256
9600 -24814
256 -3585
9600 20010
768 -1025
9600 -7104
8704 2560
9600 7255
-4353 2048
9600 5994
-15617 -257
9600 22395
-1281 -2049
9600 23934
-7425 -4609
18559 894
10496 -8449
23663 -28802
4608 -2817
-11686 -30594
256 3328
6469 -8322
-3329 2560
-19155 -1666
-8961 -2305
-30699 17535
1536 -9985
15613 25983
2560 -1281
1764 -19841
8448 4608
11979 -9857
5888 10496
19890 -3713
-257 2560
22171 -3713
5376 2048
-21371 -3713
1024 -4609
9856 -3713
8704 256
9856 -18049
11776 11776
9856 21364
5376 4096
9856 4706
4096 8192
9856 -3506
4352 4864
9856 19513
12288 4096
9856 -21213
14848 6912
9856 27404
6912 9472
9856 14837
4096 9728
9856 -20515
1024 4608
9856 -12602
3072 2304
9856 25776
3328 -2561
9856 -28260
18176 4864
9856 -11895
8704 13824
9856 6529
1280 3840
9856 -29055
13824 12544
-16759 -4992
-1793 6400
-611 -4992
4096 7168
-19789 -28032
256 16128
-20278 30592
9984 1024
30178 10624
5888 10752
-6 1152
7680 7168
-18157 -3457
15360 14592
-32468 -3457
-1025 11776
-3515 -3457
-513 -1
-21411 -3457
2048 10240
2676 -3457
-9729 4096
9600 -3457
-6145 2304
9600 -3457
1280 3584
9600 9607
1280 2816
9600 20376
256 5888
9600 31659
-5889 4864
9600 -5440
-769 4096
9600 25558
-3585 3840
9600 5357
7936 -3073
9600 9732
-7425 -257
9600 -16101
3072 4352
9600 12082
-8193 -1025
9600 10314
-4097 4608
9600 10590
0 0
9600 -1935
-513 -1025
9600 13182
-2305 -9729
9600 -11395
-9217 5888
-15238 29310
-1537 -769
21863 27518
3584 -513
-20910 -15746
-2049 -8449
-15045 -10370
-5121 -1025
32292 9599
1536 -14593
24844 17535
7936 -8705
-1549 -29825
4864 1792
-26918 -17793
9216 -3073
-2879 -3713
1280 1024
11177 -3713
-3329 3072
1939 -3713
6400 2048
9856 -3713
13312 -6401
9856 -3713
7936 -2049
9856 20605
16128 11776
9856 11886
9728 5888
9856 -14502
1280 1792
9856 -14778
4864 -9729
9856 -17104
16640 -1
9856 -17894
11776 -513
9856 28419
3072 -257
9856 -30484
2560 1280
9856 -556
-3329 -2561
9856 27326
512 -3329
9856 16296
8448 3840
9856 7317
13312 11520
9856 4228
3328 11520
9856 21121
-4353 5632
-2943 14465
1024 11264
16273 -8064
-4609 -3073
27558 -17280
15616 2048
27836 -32384
-1281 6656
-26157 19840
3840 9216
-1045 5760
-3585 8704
24324 -3457
-4353 2304
-25315 -3457
5632 10240
30774 -3457
-769 -3073
-27569 -3457
-1793 10496
26214 -3457
-7169 2048
-5253 -3457
-2049 512
9600 -3457
-513 5888
9600 29568
1792 5376
9600 2957
8704 3584
9600 21663
-7937 4864
9600 -16973
-1793 5120
9600 29641
-10497 -5121
9600 -32289
-1025 256
9600 3318
10496 512
9600 -30707
-16385 -1537
9600 -26844
512 2816
9600 -26053
-7681 4352
9600 11858
-5889 -6657
9600 -12187
-769 5632
9600 25720
-2305 4352
9600 -18050
5376 -2817
9600 -17283
-2049 -6401
-23181 -21890
256 -6657
8287 25214
-1793 -5121
-30903 -5250
6912 -4609
-26574 -9602
6144 5376
-19430 18815
-1537 -4353
-14334 18815
1280 -3073
-30231 -19329
14848 -1281
-18736 -17281
5376 -1
20151 -3713
1024 -3073
6304 -3713
6400 -4353
20873 -3713
8704 -1537
9856 -3713
1792 -9217
9856 -3713
7168 6400
9856 888
7424 -3073
9856 18534
7424 -2049
9856 -6062
6912 0
9856 -18627
7936 768
9856 -6105
15360 5888
9856 10769
-2049 10496
9856 8954
11264 4864
9856 25314
2816 6144
9856 -22069
4608 2816
9856 -16460
14080 -2049
9856 -22624
9216 3840
9856 -15220
8704 1792
9856 13185
0 14336
9856 29057
-3329 1280
22919 -2176
-2049 4352
26778 -8576
768 -4097
-17233 -24960
3072 4352
20678 29568
3584 15104
2526 13696
-257 8960
-23818 896
-5633 5888
24591 -3457
-1 1536
-26840 -3457
3840 7680
17217 -3457
3840 5888
-19879 -3457
-257 13824
-20881 -3457
-10753 8704
9600 -3457
-4865 8704
9600 -3457
-14337 -3329
9600 31108
-257 -1
9600 13461
-2817 13056
9600 10920
768 9728
9600 -9540
-769 1792
9600 -26158
-6913 12288
9600 -3864
5632 -15361
9600 26624
-3841 7168
9600 -16105
3328 4352
9600 31534
8960 5376
9600 -24251
-7169 6400
9600 -7590
-3329 -3073
9600 -30354
1536 -1537
9600 25981
7168 -4609
9600 -643
7168 -2817
-15492 19838
-1537 11264
619 29566
-3841 3328
-3499 -20354
-10241 2048
-19393 -10626
2048 -5377
29736 6271
-769 2816
-31728 15743
-2305 8448
-18697 -31873
-513 4352
-18722 -21377
-769 11008
-11835 -3713
2816 -2561
-8788 -3713
-769 -3585
24214 -3713
8704 -3585
-11391 -3713
12544 -769
9856 -3713
8960 -769
9856 -29570
768 8704
9856 -3216
-1025 4864
9856 29790
11520 -13313
9856 2890
10752 2816
9856 18484
7168 6656
9856 8734
17920 8960
9856 -27897
5888 6656
9856 -1041
2304 11776
9856 -20264
6912 5376
9856 -28735
3328 -513
9856 -10069
7680 13312
9856 408
5376 4096
9856 1414
5120 6144
9856 16257
9728 1024
-22912 28289
4608 10496
-5490 -7808
512 14592
30115 -9600
768 5120
-26183 -31360
512 8448
21712 26240
6144 4352
15080 7296
4608 11008
5377 -3457
-5377 9728
10010 -3457
-2561 2816
-1998 -3457
-5633 5888
23372 -3457
256 2048
-2718 -3457
8192 5632
25721 -3457
1536 3584
9600 -3457
-1793 3584
9600 -3457
-6657 9984
9600 -886
-6913 6144
9600 28573
-5121 -12033
9600 -21072
-7425 -769
9600 29126
9216 2816
9600 -5413
4864 4608
9600 755
-7425 2560
9600 -12279
-4865 1024
9600 4130
-4609 -257
9600 -31688
2816 -7681
9600 19791
6144 6912
9600 4963
-6145 1280
9600 20598
-1 7680
9600 -27010
-6657 1536
9600 -15235
-769 -513
14710 -27266
5632 2816
32610 25982
9472 -7681
-12212 -9090
8448 2304
-22987 -9858
2048 4608
23326 15743
-1 -5121
-11259 18303
-1793 -12545
20205 -22401
7936 -1281
-16173 -17793
8448 -5121
-23366 -3713
9728 5376
4003 -3713
-3585 4864
-23668 -3713
2816 -7169
9856 -3713
4608 -4353
9856 -3713
6912 1280
9856 -135
14080 768
9856 -7576
5632 11776
9856 -15531
-769 3584
9856 25664
5632 9728
9856 -8662
-2305 -2305
9856 23572
21504 -5377
9856 27645
4864 768
9856 10470
9216 6912
9856 -29746
5632 15616
9856 -11849
-513 4608
9856 9379
6400 2560
9856 -19313
4608 3584
9856 -26239
20224 5376
9856 24193
1280 14080
-7292 385
3072 11264
19607 -8576
-1537 6656
17068 -22912
-6401 3328
8643 31104
3840 5376
23514 15744
8192 1536
-23310 3200
-2561 16128
21515 -3457
-1281 19456
6692 -3457
-4865 4864
23357 -3457
-513 5376
2390 -3457
-6913 -3329
11372 -3457
7936 512
-1153 -3457
2048 8192
9600 -3457
-6145 12544
9600 -19582
-8705 9472
9600 -367
-7169 768
9600 -17244
3072 -513
9600 -8007
4864 2304
9600 -15666
2816 4608
9600 29669
-6913 8960
9600 6396
-4097 -1025
9600 -18925
-2305 -4097
9600 -11478
-5121 -4865
9600 4930
-2561 -3841
9600 8535
-769 3584
9600 -662
-4097 -1537
9600 -29061
-14081 7680
9600 20606
-11009 -2305
-3970 3966
-2305 2560
-24978 -29826
-2305 256
20570 -29314
5888 -1537
23876 -8322
3840 7936
30508 -642
1536 -4353
-5612 17791
2560 -3073
-19716 25983
0 3328
6371 -19073
4608 -257
-20534 -10881
-1025 2048
-8272 -3713
-4353 -3073
-19302 -3713
-1025 7936
-28796 -3713
2304 -5633
9856 -3713
8448 3072
9856 -25217
2304 -1537
9856 3188
10752 8704
9856 -21151
8448 -2817
9856 4942
10752 1792
9856 21816
14592 3328
9856 29218
-2817 5120
9856 16651
10240 5888
9856 -19724
3840 7424
9856 9181
6400 11008
9856 30406
6144 1792
9856 31151
10752 6656
9856 9628
2560 9216
9856 -27512
2048 5888
9856 11137
11008 5888
9856 -32639
3072 9728
-25718 -5248
8192 5888
-12130 -7296
5888 13824
-14924 -28288
-1537 9472
3020 28032
-3329 19968
-14109 10112
-7425 6912
3068 -1409
6912 5120
1557 -3457
-6401 6400
15662 -3457
-513 2304
-1210 -3457
2560 8448
-22434 -3457
2304 7936
-9100 -3457
4352 14592
9600 -3457
4608 1280
9600 -3457
-4097 1024
9600 -14713
-7169 6144
9600 10393
1024 4864
9600 32684
2304 3328
9600 -1087
13312 2560
9600 23767
-2305 7168
9600 238
-12033 4352
9600 15621
-3585 -15105
9600 -24804
-1537 -3073
9600 -21709
5632 -3585
9600 -25526
5888 512
9600 2911
7680 4096
9600 22898
-6913 1280
9600 24958
-4865 -2561
9600 -17283
2816 -9217
10362 -31362
-4609 -3585
-14490 23934
-257 -4865
-15535 -12162
4608 4608
10555 -12162
-9473 6912
-27357 11903
1792 -2049
-11509 15999
1536 -5377
4339 -27521
6144 6144
-19751 -19329
8704 7168
32704 -3713
7680 2560
27048 -3713
-4353 1792
-15215 -3713
3072 -2817
9856 -3713
7680 -6145
9856 -3713
15616 1536
9856 893
-4097 7936
9856 -5267
8704 -1281
9856 12890
2304 9984
9856 7750
7424 -513
9856 3888
7680 9984
9856 -20967
4608 3584
9856 -28670
13824 2560
9856 18411
512 2048
9856 -26156
9728 -2561
9856 5053
1024 12800
9856 25767
8192 6656
9856 404
12032 13312
9856 -28541
-5377 11264
9856 21377
14592 5888
4738 13185
7680 5376
-24430 -8832
5376 14848
-20313 -17792
2560 7680
-18243 32640
10240 12544
9173 19328
-2817 5376
-29203 4992
-3073 3072
-30203 -3457
7424 6656
-5346 -3457
256 7936
-20937 -3457
-1281 4352
-2224 -3457
-769 7168
24935 -3457
0 -1537
637 -3457
4608 8192
9600 -3457
-7425 8448
9600 -27264
0 4864
9600 -8819
-4353 6912
9600 29600
4096 -6913
9600 -23628
-1025 7424
9600 22474
-1281 -1025
9600 5600
-6145 -2561
9600 -3082
-9729 3328
9600 13070
-2049 -3329
9600 -4315
-257 3840
9600 -24516
-2561 3328
9600 29267
3072 -1281
9600 30310
-11009 4096
9600 16761
-12801 -5377
9600 -26242
-257 1280
9600 -10115
4352 -6913
7795 -26242
12032 9984
-29858 29566
5120 3584
-15800 -8066
5632 8960
-12239 -6018
-14081 -3841
-487 16767
11008 -6657
-31231 22143
3584 -4353
31464 -21633
7680 8192
-11825 -13953
-2561 1280
-30282 -3713
-513 -4609
14495 -3713
-769 768
13449 -3713
-1281 -11777
9856 -3713
12288 512
9856 -3713
18176 8192
9856 -20105
11520 -513
9856 -3227
1792 12032
9856 7762
1280 5376
9856 24893
8960 -3329
9856 18215
7680 -1
9856 -20464
12032 2560
9856 -24071
11008 9216
9856 -19743
1536 1280
9856 3275
6400 6912
9856 -32076
10496 4608
9856 -6497
4608 3840
9856 -4980
11264 20736
9856 2177
-3073 8704
9856 -30079
3584 8192
16263 -3200
-4353 3840
-24422 -5248
2816 768
-14929 -25472
-1025 9728
-17722 31616
11008 6912
23518 13184
2048 14592
-31242 2688
-7425 11264
-11761 -3457
-7169 3328
30248 -3457
1024 6656
-5055 -3457
6400 -1793
-13479 -3457
4096 14080
-913 -3457
-3329 12032
9600 -3457
1024 7680
9600 -3457
-10241 4352
9600 -23164
-3073 -2817
9600 24469
-769 5376
9600 16040
10752 -1537
9600 14269
-2817 2816
9600 -3630
-12545 1536
9600 12521
-4609 5120
9600 17664
1536 -2049
9600 -3561
2304 -1793
9600 -12754
-9729 1024
9600 13894
-2817 4096
9600 -4518
-8961 3840
9600 -20114
-5121 4096
9600 20605
3072 -2817
9600 2174
5888 -1025
-10884 17534
1024 2304
-29846 31614
-4865 -5121
-9387 -22146
2816 -3585
27967 -9346
512 2560
-31960 4991
-5889 -2305
-5105 17535
4352 2304
-22537 32127
-7681 -5889
28126 -19329
8960 -8449
-13883 -4481
8704 -2305
4524 -3713
12288 -2561
19094 -3713
11776 3840
-26239 -3713
10496 7168
9856 -3713
-4353 6144
9856 28286
1536 -1281
9856 -19856
-257 -2049
9856 19038
12544 0
9856 -11191
14592 7424
9856 6196
-1537 2560
9856 4126
-1537 9472
9856 5383
6400 -4353
9856 5616
20480 -2049
9856 14040
7168 7424
9856 -11071
7936 7424
9856 -23125
-2817 9472
9856 2968
-257 4864
9856 -23163
10240 4352
9856 18049
6144 -1
28800 23937
12032 10752
-21106 -7040
2560 6400
24739 -12160
-3585 13056
16057 -30592
-8449 5376
-15920 23936
-3585 -1537
27368 7552
2048 5632
-15616 -3457
17664 11520
-10727 -3457
8192 15104
6707 -3457
-4609 19456
8268 -3457
-11265 3584
-29341 -3457
-6657 6912
19833 -3457
-257 -4097
9600 -3457
5632 8960
9600 -3457
-2049 7168
9600 -32117
3328 -4609
9600 11421
-5889 11008
9600 -12880
-5121 -1793
9600 3526
2816 -3329
9600 -7973
-5377 6912
9600 12531
8704 -4097
9600 -10999
-15617 16128
9600 31521
1536 -1537
9600 20280
-10241 -3329
9600 17999
3840 -12289
9600 9059
-1537 -1537
9600 7542
-1025 6912
9600 -19586
-8449 6656
9600 -20099
1024 768
17014 -23426
-1 -2561
31586 23422
14080 -5377
-10164 -7042
-1025 -2049
-16331 -11906
12032 7936
1054 17791
-769 4352
4614 16511
-1025 768
-18452 -20353
5888 12032
-4653 -20097
3328 -12033
-6214 -3713
20992 7168
-3934 -3713
-1537 -4353
31372 -3713
256 3072
9856 -3713
-3841 1536
9856 -3713
2816 -9473
9856 122
6656 5632
9856 10857
8704 -3585
9856 -21419
10496 8192
9856 -26816
6656 6656
9856 8747
3328 1024
9856 28436
-1 2048
9856 -15363
10752 -3585
9856 230
12032 1280
9856 8655
8192 9472
9856 -1609
6656 12288
9856 -31069
-769 8448
9856 -19313
-1793 13824
9856 -9087
12288 3072
9856 23169
3840 9984
-15996 897
-2817 10752
19351 -10624
-4865 3584
8364 -22656
1536 -1
18883 29312
-5889 5888
-25894 15744
-3841 1280
-23822 1664
-5633 5120
6411 -3457
-257 9472
-25052 -3457
4352 8704
21565 -3457
-5889 9728
28502 -3457
3328 12032
17516 -3457
-14081 5376
9600 -3457
3328 4608
9600 -3457
-4353 7424
9600 -31614
-6401 1792
9600 25490
-1 3584
9600 -7260
-513 2304
9600 -14919
-10497 3840
9600 25039
-2049 1280
9600 -28955
-3329 -257
9600 -18948
2048 -7425
9600 -8429
-1537 -513
9600 13867
2560 -4097
9600 14658
-5889 6144
9600 9048
-4097 2816
9600 27755
-2561 2048
9600 6012
-513 3840
9600 12158
-3841 -10753
-9090 9598
2048 8960
12398 32382
0 -9473
18265 -25986
-8449 -3329
28995 -10370
2304 5376
11820 1919
5632 -5121
3348 15999
-3329 -1025
-19973 29311
2816 0
14818 -20865
1536 768
-22583 -7041
3840 -1537
32688 -3713
9728 -513
-4199 -3713
5632 3584
-26492 -3713
5120 -257
9856 -3713
4608 3072
9856 22399
4096 -1
9856 -30605
2816 5632
9856 -16288
14592 10496
9856 10061
3072 1280
9856 -26569
768 5888
9856 -17887
13056 -1537
9856 -19190
-2305 6400
9856 -26637
10752 -1793
9856 -16933
12544 6144
9856 5573
-5633 9472
9856 -19538
5120 3072
9856 -2918
-7937 3328
9856 6792
1792 -1
9856 11137
10752 4608
9856 -28031
3328 3584
-10869 -6784
5888 11776
19616 -4736
-3329 7680
2998 -29312
10240 1792
-6452 29568
6144 -257
3557 9088
8704 10240
21245 -641
512 9728
19990 -3457
-7937 10752
10543 -3457
-8961 15104
-8888 -3457
-11265 2304
-27553 -3457
3840 2048
23158 -3457
4352 11776
9600 -3457
4096 5376
9600 -3457
-513 2560
9600 -29560
-3073 2816
9600 8090
-8449 10240
9600 1966
-1 512
9600 18627
-1025 512
9600 -4392
256 6400
9600 -21521
1792 -2049
9600 -12026
5120 10240
9600 26654
-1537 -8705
9600 7221
-513 2304
9600 23884
512 -4097
9600 27488
4608 2560
9600 14196
512 768
9600 20606
-8193 -3585
9600 -10883
3584 -2305
-10376 31870
-3073 10240
18789 27774
5120 -9217
7504 -13698
-1281 -2049
18745 -9602
4352 -5377
7713 12159
6144 -5121
-504 18559
4096 8960
27632 -26753
512 2304
5079 -17537
-4609 -769
32190 -3713
3840 -6913
2470 -3713
7424 -769
-3185 -3713
-1537 1792
9856 -3713
18944 7168
9856 -3713
-513 -2561
9856 -24453
-5889 2304
9856 11115
-2561 1792
9856 31320
11776 10240
9856 -10173
4352 -1537
9856 -15315
12288 5632
9856 -28649
-3329 12288
9856 -25856
3584 -2049
9856 11497
13568 4352
9856 -8239
3072 13056
9856 15291
-1281 256
9856 29605
12800 3584
9856 -32110
2304 7168
9856 -18302
6912 3840
9856 23169
-1 6144
7555 4481
512 8704
6292 -9088
0 11008
-15191 -21376
-6913 -3329
2752 31104
5632 7168
-31273 17536
4352 256
-27153 3968
1024 1792
5384 -3457
-513 12800
545 -3457
-4097 3840
24378 -3457
1280 8960
851 -3457
-3841 0
-24983 -3457
1024 3584
14718 -3457
-5377 4352
9600 -3457
-4865 15616
9600 -30079
-2817 8960
9600 -5233
-9729 -3841
9600 -28510
-3329 1280
9600 6327
6144 -1
9600 11468
3840 4352
9600 -17182
-9729 11520
9600 -17927
-15617 5888
9600 273
-8193 3584
9600 808
-5377 2560
9600 25407
7424 -257
9600 -1452
-8193 4352
9600 -5528
3328 -1281
9600 31866
-8705 1536
9600 -29314
-16129 512
-7553 -8067
2816 -5377
8817 -24194
-4097 -6657
5724 30078
12032 2048
7494 -5762
-7425 6656
-32209 -5506
-6145 3072
23831 18559
-769 -1793
2559 22911
-3073 1280
-23323 -19073
14848 -2561
-2356 -13185
7680 2560
22707 -3713
256 1024
-11108 -3713
11264 -4097
-23162 -3713
-6145 -1281
9856 -3713
7424 -9985
9856 -4737
11264 -2817
9856 29814
7936 8192
9856 14691
-6657 3840
9856 -17841
5120 8448
9856 27194
4608 6400
9856 -20956
1280 7680
9856 -18163
22272 -1281
9856 6903
11520 6400
9856 15071
6656 5632
9856 28360
1024 5376
9856 23985
-513 -257
9856 5278
11520 9216
9856 22410
6912 7168
9856 6529
1792 8960
9856 -31103
5888 8704
14729 -4480
-769 7936
-31587 -6272
14080 14848
-78 -27264
5376 7936
-18743 29568
4864 5632
23265 11392
1536 5888
-5127 384
512 3840
-12782 -3457
0 8192
-9685 -3457
768 7936
-5820 -3457
5632 15872
-8100 -3457
-8705 5376
-6542 -3457
2816 2560
9600 -3457
256 11776
9600 -3457
256 -1537
9600 7302
-5889 7936
9600 -31593
768 6912
9600 15275
512 6656
9600 12992
-5377 256
9600 -9515
-3073 -4097
9600 -17172
-4609 1792
9600 -30205
4096 4096
9600 -16102
-2817 4352
9600 25650
-2049 2816
9600 -29624
-5121 -6401
9600 -17315
-2561 -2305
9600 26225
4096 -1281
9600 382
3072 -3585
9600 -8579
-3329 5632
-10118 27518
1536 1536
-13721 28030
2304 -7169
25171 -16770
-513 -4353
25148 -10626
512 -4609
-988 9599
2304 -5633
-4340 16511
1280 4864
12276 -28801
-2049 -1793
9947 -19841
-4609 -1793
-7999 -3713
1280 -1793
27305 -3713
5632 -15617
-6510 -3713
11008 -769
9856 -3713
7424 -1281
9856 -3713
256 5632
9856 26493
-513 3584
9856 -21138
10496 -1537
9856 27483
7936 0
9856 -12474
12288 7168
9856 15153
7168 6912
9856 -28902
-1025 3328
9856 -26109
-257 -3585
9856 -21268
256 2304
9856 -27179
11008 -4865
9856 31678
8960 11264
9856 -23128
14592 5376
9856 2453
1024 5888
9856 4740
3072 6656
9856 20865
1792 -1281
-29311 16257
7168 1280
22673 -8320
11520 5376
1190 -16000
8448 7936
21436 -32384
-3329 7424
-23853 20864
3584 -1281
-5909 5504
5376 -4097
23556 -3457
2816 3840
-24803 -3457
4608 11520
18486 -3457
-1793 8448
-20145 -3457
1792 11776
-5531 -3457
-2817 6400
12668 -3457
-10241 -6145
9600 -3457
-4353 1792
9600 21120
-1537 -3841
9600 2189
-5121 2560
9600 30111
-2305 5632
9600 -14413
4864 5376
9600 -10040
-4609 3072
9600 479
6400 3584
9600 -3595
-9473 6656
9600 -5620
1024 -1025
9600 -15836
2560 2048
9600 -27845
-4609 -7169
9600 8274
3328 13568
9600 30053
-2561 6656
9600 -11400
256 2816
9600 -27010
3584 -2049
9600 -11139
6912 -8193
-1421 -26498
-1793 -5889
27743 28542
-5633 -2049
-2487 -8578
11776 10240
-17102 -6786
2304 -5633
16923 16255
-2817 -9217
-32510 20863
9216 9472
1258 -21633
768 -5889
-17456 -15233
10240 5632
-30025 -3713
-2049 3840
15776 -3713
768 3328
3210 -3713
9984 3584
9856 -3713
4608 -2561
9856 -3713
6144 2816
9856 14200
9984 3584
9856 24934
-513 4096
9856 17235
7936 4352
9856 -1987
3072 3072
9856 11048
13312 2560
9856 -27631
-1537 3584
9856 31994
9472 3328
9856 8163
8704 2304
9856 15308
7168 7680
9856 30645
3840 13056
9856 -22624
7680 14848
9856 -27763
9216 2048
9856 11137
-6913 -513
9856 32385
17152 14336
-13946 -2176
4352 9728
4506 -6528
4352 5120
-4690 -24960
-5889 10752
-827 31360
-11009 1024
8413 13952
6400 13312
-27659 2944
2560 3072
-29938 -3457
3072 4096
25127 -3457
-1537 8960
29248 -3457
256 9728
-12456 -3457
2816 7168
22639 -3457
-1025 3584
9600 -3457
2304 5888
9600 -3457
1024 9728
9600 24964
-769 10496
9600 -8300
3584 3072
9600 20903
1792 -2561
9600 -28228
8448 4352
9600 -2607
-13057 8192
9600 30184
-6913 -4609
9600 26111
-4865 0
9600 -8170
-6657 -12545
9600 7214
3584 -5633
9600 31813
8704 4352
9600 25178
-3329 13312
9600 -16531
768 1024
9600 -9092
-257 -1793
9600 10366
-2817 -6657
15741 11902
4864 2560
27499 -31106
2816 13568
25430 -24450
256 -3329
15424 -8322
256 10240
11817 3455
-4865 -257
12049 17791
13568 -10753
-24584 30847
8960 0
15839 -19329
2304 -4865
31686 -4993
3328 11264
30893 -3713
11264 -1793
26775 -3713
1280 2304
-3199 -3713
7936 1536
9856 -3713
8704 3584
9856 -14466
7424 -2817
9856 28529
5632 8960
9856 95
2816 2816
9856 -16822
0 -4865
9856 6453
12288 -3841
9856 13855
18176 512
9856 9480
14848 10496
9856 -7952
4096 3840
9856 18137
1024 7936
9856 18883
18176 0
9856 -30548
-6401 7936
9856 -14696
5888 6144
9856 14982
15104 15872
9856 16513
-1537 10240
10112 27265
12800 15616
-29299 -6784
4096 6912
-22110 -10624
1792 7680
12472 -30080
8704 8448
-25649 24704
-257 7424
19943 8064
-257 12800
-16385 -3457
-2305 15360
-11496 -3457
7424 256
5938 -3457
-4609 5632
-2742 -3457
-8705 5376
23138 -3457
768 6656
632 -3457
-6913 7424
9600 -3457
10496 5888
9600 -3457
5376 5888
9600 11146
-5377 8192
9600 29340
-6145 4608
9600 -12113
-3585 -2561
9600 23237
-1 256
9600 25307
3584 6400
9600 -6927
3840 9216
9600 6153
-9217 5632
9600 27424
4352 -7937
9600 -13769
-2817 -257
9600 26446
-5889 2304
9600 -29598
768 12288
9600 -24971
-6145 -3841
9600 -21378
2560 1792
9600 -20611
-1025 2560
17783 -24706
-8961 3072
12899 22910
-3329 -3841
8526 -7810
-4609 256
22071 -12162
-5633 -12545
26655 16767
1280 4608
-8954 16255
4608 -4865
-5651 -21633
12032 5888
16085 -20609
-3585 -1281
-3141 -3713
768 6912
23204 -3713
2816 7168
-21107 -3713
12032 -4353
9856 -3713
11264 3328
9856 -3713
14592 768
9856 -22662
13312 -2817
9856 -10647
-257 13056
9856 -14250
256 -5889
9856 -1471
1792 3328
9856 10796
19712 -2561
9856 -22251
11264 11520
9856 31486
-4097 10496
9856 -2074
1280 16128
9856 14032
-5633 -7937
9856 25785
17664 -5377
9856 -27228
2048 4096
9856 -29552
12288 7424
9856 10370
-4865 17920
9856 22913
-2817 -4353
-32124 4481
4608 9216
6550 -10368
6656 0
19883 -22144
2304 7680
-18495 30336
4096 3328
18393 16512
-5889 8960
-23311 2432
4352 7936
2570 -3457
-9985 7168
-24541 -3457
4352 6656
-7365 -3457
-1025 11776
29781 -3457
8448 1536
7275 -3457
-4097 7936
-6785 -3457
-7937 4864
9600 -3457
-6145 4096
9600 21634
-6145 -1537
9600 25745
8448 2048
9600 2724
2560 6144
9600 -22856
-1025 9728
9600 6350
-7425 1024
9600 20964
-11777 8192
9600 -25093
-1793 -2049
9600 -13294
-6145 8192
9600 14890
256 -5889
9600 -21696
1536 7680
9600 -3498
-11009 -5889
9600 13418
2304 -4353
9600 21883
768 -6401
9600 22654
5376 -13057
13183 2174
4096 5120
29551 -29826
0 -1
-20646 -29826
-2049 1024
-22972 -8322
-2305 -2561
-30931 -1154
5376 -10497
-12267 17023
3072 -1
-19972 26751
2816 -2305
-15133 -20097
-2049 2048
4555 -9857
256 -3841
8626 -3713
-257 2816
-10342 -3713
512 -257
6533 -3713
15104 -513
9856 -3713
-3329 -4609
9856 -20609
3584 -257
9856 17780
5632 3840
9856 -7583
16640 1792
9856 21838
4864 13568
9856 -14280
6400 -2561
9856 1059
4864 4096
9856 -17653
3328 1024
9856 -6412
14336 2560
9856 17117
14592 8448
9856 20678
1280 5888
9856 8880
1536 6400
9856 16284
5376 6912
9856 3465
-3585 -5377
9856 9089
9728 16896
9856 -28031
7424 6144
25994 -5760
-257 12544
32158 -4480
-2305 8960
-20812 -28544
3072 4864
-3637 30592
-5377 7936
21219 10112
-769 -4865
32763 640
6912 8192
-24300 -3457
-5889 14592
-27347 -3457
-5889 5376
7751 -3457
1280 8448
27742 -3457
2048 4864
-5004 -3457
4864 -1025
9600 -3457
-513 8192
9600 -3457
4096 11520
9600 -21625
-4097 -1025
9600 -360
-9473 -2561
9600 -30292
-257 -10497
9600 -13375
2048 4608
9600 13271
-1793 4096
9600 1262
-4097 4864
9600 13061
-17153 6400
9600 25372
-13825 -2561
9600 26419
-2817 -2817
9600 -18358
1536 4608
9600 -9890
768 -2561
9600 -14222
-257 -1
9600 13950
-9473 2304
9600 -10115
-1793 -5377
31098 29310
-5377 -6145
-2458 28030
7168 -8193
-20399 -15746
5376 0
15163 -9858
-5121 -1025
-7133 9855
3328 -257
-27637 18047
-3585 -8193
-4110 -29057
9728 -4097
27865 -17793
5376 -3841
-31808 -3713
7168 -12289
13736 -3713
-257 8704
9106 -3713
-1793 1792
9856 -3713
7168 1536
9856 -3713
7936 -1793
9856 -5764
8448 -6145
9856 -18835
8960 7680
9856 8282
8960 -4865
9856 28997
3072 9984
9856 12336
256 1024
9856 -10727
12800 2560
9856 -21502
-1537 17408
9856 -32277
8960 1024
9856 -1581
4864 8704
9856 9661
2560 -5633
9856 -26457
-1 -513
9856 -17260
7168 6656
9856 -32125
9216 -5121
9856 22657
9216 8448
17794 10369
512 3840
-31598 -8320
3840 6912
32423 -19584
10752 4352
23741 32640
-1793 13568
-812 19072
-6913 13056
18413 4992
-769 1024
-24571 -3457
10752 -2305
-25314 -3457
-1793 8448
-28105 -3457
6144 17152
-17840 -3457
-12033 15104
20327 -3457
-3329 512
-9860 -3457
-1025 3328
9600 -3457
-9729 3840
9600 -30848
4608 2304
9600 -31347
-1281 256
9600 13472
1536 4864
9600 -29772
-13057 6400
9600 -10295
-4097 -4609
9600 224
1536 -3585
9600 -2058
3840 -2305
9600 5646
-10497 6656
9600 -26843
-2561 1536
9600 24380
-1 -1281
9600 -13998
2816 2304
9600 -23706
-2305 4352
9600 -6792
1536 3840
9600 -19074
-11009 -5633
9600 -16259
-513 -9473
31091 -21890
7168 3584
-17058 25726
6400 -3073
12361 -4994
4864 -3841
20274 -9090
-7425 2304
538 18815
2048 -513
-7423 19839
2816 -1025
26600 -19073
6912 512
-16689 -16257
13824 1280
10166 -3713
1024 -4097
32415 -3713
-1 -7169
649 -3713
-1281 -3841
9856 -3713
7424 -4097
9856 -3713
7168 -3073
9856 -21641
4864 1280
9856 -4251
14592 2816
9856 13650
1792 -1281
9856 2365
15872 3584
9856 28199
2304 4608
9856 23568
8192 3584
9856 31481
-2817 5376
9856 -17951
7424 -2305
9856 14795
11008 4608
9856 18356
5376 5632
9856 3232
14080 5632
9856 -30836
256 3072
9856 9857
1024 1024
9856 30081
1024 6656
31111 -2688
1536 1024
-17254 -8064
13824 11264
-6481 -25472
-5633 10496
-4666 29568
7168 12288
31454 13440
-15873 6400
18935 640
1536 -1025
-20721 -3457
2560 6656
41 -3457
0 512
27457 -3457
3840 18944
17498 -3457
-6913 9984
15984 -3457
2816 6400
9600 -3457
-1537 768
9600 -3457
1280 4864
9600 -18044
8192 6912
9600 27541
256 7168
9600 7080
-8961 1024
9600 19901
-17409 2048
9600 -13870
512 -8705
9600 26345
6656 -3329
9600 -15616
-513 7936
9600 -13801
-1 4608
9600 -2002
-5377 2560
9600 -11963
-3073 -2049
9600 10075
-7169 3328
9600 -17810
3840 -8705
9600 29565
256 3840
9600 -1923
-1793 -769
-14724 20862
256 1792
32618 28798
2048 3328
-32683 -19586
4864 -5633
17215 -10882
6400 -1793
11816 6783
3072 -6145
5648 15743
10240 1280
23287 -31361
1280 7424
14302 -21121
6912 -257
9925 -3713
1792 2560
-16980 -3713
8192 -3585
9878 -3713
-1025 -3073
-10111 -3713
5376 1792
9856 -3713
8704 -1025
9856 29566
14848 -3585
9856 -31632
9984 5632
9856 -17059
7424 1280
9856 -32439
5632 -3073
9856 -717
12032 -3585
9856 -3299
6912 -1793
9856 7175
8448 9472
9856 -31249
11008 8704
9856 20952
9216 -5121
9856 11201
5120 -2817
9856 17579
1792 -1537
9856 -21865
6400 7168
9856 -17019
2560 7168
9856 17281
3840 3584
-25472 24193
2816 13056
-11634 -7552
768 2816
-16989 -11904
2048 2816
-23623 -31104
1024 -2049
30928 24704
4352 10496
-30744 7552
3328 11520
18177 -3457
-3841 3584
32538 -3457
5120 12032
8243 -3457
-12545 8448
12620 -3457
6656 7424
9827 -3457
-10497 17664
13945 -3457
-1025 -1281
9600 -3457
-6401 4864
9600 -3457
3072 -2305
9600 -4470
2560 9216
9600 11421
-12801 6144
9600 -17232
-2049 1024
9600 25286
-10241 2048
9600 8412
-5121 -7169
9600 9715
7168 10496
9600 16650
-11521 2560
9600 -24031
-6145 -1537
9600 26680
-6401 -1025
9600 24143
-3585 -6145
9600 355
3584 -1537
9600 -29578
7680 -7425
9600 31870
7424 9728
9600 -11907
-11777 3840
-11402 -29826
5120 -3073
-14238 27518
-513 -1281
8013 -10626
1536 -8961
-9163 -8834
7168 4096
10270 15231
13568 -4097
-1275 18815
4608 7424
493 -22913
-2049 -6401
-12333 -17793
9728 -6145
2491 -3713
-13313 -2817
2211 -3713
16640 -7169
-21620 -3713
6912 6400
9856 -3713
-3585 4096
9856 -3713
3584 -3841
9856 -12423
1792 -4097
9856 1385
8448 -5633
9856 -18091
11008 2816
9856 32576
7424 6656
9856 -10966
-1025 12032
9856 18196
4608 -5121
9856 23549
2048 7680
9856 -18971
6400 -3329
9856 -19506
10240 4096
9856 -3913
11520 9472
9856 -8798
3840 12032
9856 -14193
2048 7936
9856 -29567
8960 8960
9856 25473
768 2816
-15228 385
-2305 17664
32151 -8064
9216 6144
-24916 -23168
1280 9472
25539 31360
-7169 3840
-25638 15488
7680 0
1267 2944
4608 10240
-17909 -3457
-2305 6656
1061 -3457
2048 4096
-4291 -3457
3584 9472
26710 -3457
-2817 17152
-7828 -3457
7680 -769
9600 -3457
-257 8448
9600 -3457
-7937 2816
9600 -6014
-1281 3584
9600 30354
-9729 6656
9600 22181
-4353 6400
9600 -11079
3328 -769
9600 -29233
-3329 1280
9600 16614
-4097 4096
9600 2557
-3073 5120
9600 -22764
7424 3072
9600 -24533
-2817 5632
9600 -8126
768 -8705
9600 -6569
-769 5376
9600 -23189
-4353 6912
9600 6524
-12545 -6913
9600 15486
3072 -1793
26238 7038
-2305 -3073
-10643 -30850
10752 7680
7513 -27778
512 3584
-7870 -8066
-9985 -8193
-9941 127
-1281 -8193
-20461 18303
-1025 -10241
19195 27519
13312 1280
-27935 -18305
5120 -6913
18633 -9345
4352 5632
-15441 -3713
0 4864
23705 -3713
1024 -4865
-20349 -3713
6656 -7681
9856 -3713
15104 2816
9856 29055
13568 12288
9856 10355
-769 0
9856 31072
10240 -769
9856 -12212
1280 1536
9856 17719
10240 -6657
9856 9505
12032 -1
9856 9738
11008 10752
9856 2035
3584 6144
9856 24539
11008 2304
9856 -11580
-1 -9473
9856 1710
5888 3840
9856 -10854
14336 -3329
9856 -32633
4352 12288
9856 13953
-6401 9984
9856 29825
-9985 10240
22924 -6016
-4353 6144
-6240 -9600
-1537 -1537
22710 -29312
7424 7936
-27443 26240
-2049 15104
10725 9344
7680 14592
-24067 -3201
-1025 14336
-14314 -3457
-9729 -513
-5329 -3457
6656 0
-30648 -3457
256 256
8800 -3457
9984 7168
13174 -3457
-3073 12544
9600 -3457
-7937 7424
9600 -3457
-11265 -2049
9600 -11384
-3585 -4609
9600 -31078
12800 1024
9600 -7507
-9217 5376
9600 20931
-1793 10240
9600 -3368
-2817 6656
9600 -12049
-10241 -8449
9600 3591
-1793 -2561
9600 32542
-257 -2561
9600 -26315
7936 8704
9600 -7861
-5889 2048
9600 -32672
-2305 -4097
9600 2932
1792 12800
9600 30078
-3329 -11521
9600 -17539
5888 -769
-25224 -28802
5376 768
20837 23934
8192 7680
15184 -10370
-7937 -12289
26681 -12418
-769 -8449
-18143 14463
1536 -8705
-28919 15231
16384 -8449
22256 -23169
12288 768
-15401 -21121
-2049 4864
19134 -3713
5120 -2817
-13658 -3713
8704 -6657
10128 -3713
3584 -4097
9856 -3713
21760 -9985
9856 -3713
2048 9728
9856 -24965
5120 8960
9856 19563
-1537 -3841
9856 3673
2560 -1
9856 1604
7168 -257
9856 32558
11008 2048
9856 -20201
6912 -2049
9856 257
-3841 6144
9856 -31511
11776 4608
9856 14034
4096 15360
9856 10171
12800 8192
9856 26534
5632 5632
9856 18066
8704 11776
9856 -6270
-1025 9472
9856 22145
12032 7680
-11390 7809
5888 13056
-23149 -9088
-5121 10240
5289 -20608
5632 6656
17599 31616
-4353 7168
-14890 18048
8960 -1025
24047 3968
3840 6912
4872 -3457
4096 11776
12833 -3457
2560 512
-8903 -3457
-3073 11520
-174 -3457
-1537 -1281
12905 -3457
1792 8704
30590 -3457
768 2560
9600 -3457
7424 4608
9600 27777
-10497 10752
9600 -4209
-2817 5120
9600 10146
-4353 4352
9600 -13130
-13313 2560
9600 18892
1792 5120
9600 16610
-3329 256
9600 505
-12545 4864
9600 -20720
-7425 8704
9600 -10969
2048 -1537
9600 -13762
-1025 3328
9600 -3756
-2561 4096
9600 13416
-8193 -10241
9600 28794
-769 3328
9600 30078
8192 -4353
9600 -3459
-6401 -4609
-24207 -28546
-2561 -2049
31068 -32386
1792 1024
11591 -8834
-6913 -5633
5424 -3202
2304 -4353
-9705 16255
14848 4864
30463 24703
6400 -513
22502 -21633
7680 2560
-25651 -11137
1280 5632
17076 -3713
-513 1280
-29539 -3713
5376 -10497
-31865 -3713
13568 -5121
9856 -3713
12800 7936
9856 -3713
6400 15360
9856 -15242
2048 7424
9856 22884
-4865 1536
9856 -11952
10496 1792
9856 24123
7936 -769
9856 28197
9472 1024
9856 -16370
3072 17408
9856 23543
-10497 13824
9856 224
7936 -3329
9856 19401
1024 768
9856 -22606
2816 -5121
9856 6302
13056 11264
9856 6795
7680 3584
9856 3713
3584 13568
9856 -32127
-2561 -1
31624 -3968
-1 6400
-5221 -6272
6144 12032
-12367 -26752
-1 10496
-20024 30336
4096 13568
25312 12160
256 7936
24056 1664
2816 5888
18705 -3457
5632 12288
30250 -3457
-10753 6912
-27325 -3457
6912 9984
-21925 -3457
2048 768
-14735 -3457
8960 6912
9600 -3457
-5121 4096
9600 -3457
4352 7680
9600 28805
-5633 9728
9600 20374
-2817 5120
9600 -5975
6400 -1025
9600 -10306
-8193 9728
9600 21716
512 -1
9600 -12822
-8193 7424
9600 -19455
-2561 3584
9600 -28391
-15105 -5889
9600 27184
3328 -769
9600 -27833
3072 2816
9600 20828
7936 -257
9600 11376
-1793 -2049
9600 -31363
-5633 5888
9600 1662
2304 -1793
-5253 19326
-5377 2304
-31895 31614
-513 -14337
-19372 -20610
-1537 3328
-3267 -9090
2560 -6145
-14554 6527
-513 -2049
-25842 17279
5120 1280
14070 -31105
2560 -9217
-1828 -19841
9216 0
1476 -3713
2048 -5377
-1622 -3713
4352 2560
-4716 -3713
8960 -4609
29056 -3713
11776 -4097
9856 -3713
3840 5120
9856 -9347
1792 -2561
9856 -9361
-3841 -1
9856 -29860
9984 -257
9856 -20408
4864 2560
9856 -2254
6656 5376
9856 -20964
10240 8960
9856 -1531
10752 4608
9856 -16658
-4353 3072
9856 5591
17408 -5633
9856 32704
2304 -2561
9856 -29014
14592 15616
9856 -11882
10752 7424
9856 -17788
5632 768
9856 20609
1792 8704
11137 19585
4864 6400
6544 -7808
17152 256
27556 -13952
4096 13568
-25926 -31360
7936 6912
2770 22144
-769 15616
234 7040
-6401 5888
29186 -3457
5120 4864
17947 -3457
4352 -4097
7476 -3457
10496 10752
25677 -3457
-1281 18944
23396 -3457
-5121 -2049
-5767 -3457
-5377 512
9600 -3457
-2049 -2817
9600 -3457
6144 -1
9600 -10101
-5633 15872
9600 -8291
-5377 11776
9600 -5967
-8705 16128
9600 29895
-8449 -4353
9600 4317
-7937 1792
9600 3060
-2305 -1793
9600 3595
7168 -1
9600 30498
-3841 11264
9600 25657
-513 2048
9600 22608
-8449 -6145
9600 1892
-4097 -6401
9600 7799
3328 -8961
9600 -14978
10752 -1793
9600 -20867
256 4608
25973 -21890
2304 -1025
17505 23422
-5633 -4865
-12213 -5762
12800 -12289
-28108 -11394
5376 -8705
4893 18815
13568 768
-5372 17023
0 6400
-9493 -19841
3584 -5633
10707 -19073
-1 -4353
-18759 -3713
-7169 -4097
18850 -3713
8960 6144
-26741 -3713
5632 -1025
9856 -3713
15360 0
9856 -3713
-1025 4608
9856 21113
11008 -513
9856 21864
6656 1280
9856 -13228
7168 -3841
9856 -9153
15616 0
9856 3882
-2561 3584
9856 19987
9472 -1537
9856 -18692
9984 3584
9856 -16924
7424 1536
9856 3022
14848 3584
9856 -9802
3072 14336
9856 -16734
10496 -4353
9856 9103
-3841 6656
9856 30849
13312 -2049
9856 25729
3584 12544
21381 -128
-2049 4608
-31336 -8832
3072 7424
16813 -23680
-2049 7168
-573 30592
4864 -1025
22235 15232
13056 5120
-19725 2432
-5377 9728
27916 -3457
3072 14848
-10459 -3457
-7425 512
-16578 -3457
-14081 5632
22359 -3457
1792 -2049
9581 -3457
5120 6144
9600 -3457
-1537 8448
9600 -3457
-5633 11008
9600 22915
-6657 1536
9600 -2670
9984 4352
9600 1958
-4353 -513
9600 -28742
-1793 2560
9600 -24368
6144 -1025
9600 -21018
-2049 17408
9600 31741
-8193 2304
9600 -13804
-7425 -1281
9600 27948
-3329 -3841
9600 8515
5632 256
9600 -18344
-1025 7424
9600 16236
-3073 256
9600 26492
-3073 768
9600 11390
3072 -6913
30078 10110
1536 -4865
-22163 -32642
8192 0
-21160 -25730
2560 2816
-29886 -9602
3328 13312
9515 1663
1280 1280
9747 17279
7936 -8449
-22022 29311
3072 -2049
21217 -19841
2560 -7937
5064 -7041
7680 8192
27055 -3713
-1025 5120
-3944 -3713
-5121 -3841
-8317 -3713
3840 -6401
9856 -3713
3072 -2049
9856 19839
12800 -769
9856 -31630
12544 -3073
9856 5216
9216 15616
9856 22604
2048 1280
9856 -18378
0 -1793
9856 -12256
19456 6912
9856 -18935
9472 2816
9856 -28942
10240 8960
9856 -11814
-513 8704
9856 10948
10752 12032
9856 -9043
-513 6400
9856 26266
11264 2304
9856 -21625
7424 15872
9856 12417
-2817 3584
9856 -31359
-1025 17408
-20596 -6784
-5377 2304
13217 -7040
8192 15360
-20810 -29824
6144 7680
-17459 28288
-769 9216
8422 8576
-5633 10240
24830 -1665
2816 6400
-31209 -3457
4096 7168
-2001 -3457
-3073 6144
-1719 -3457
3328 9984
-9376 -3457
-2049 17152
14455 -3457
-4353 768
9600 -3457
512 11264
9600 -3457
0 12544
9600 20105
256 9472
9600 -14950
-5121 7168
9600 -11858
-1793 -1025
9600 -2877
-1537 5888
9600 -3111
3584 4096
9600 -22288
8704 1792
9600 -13561
-13057 8192
9600 17951
5376 4352
9600 -3019
-769 -1793
9600 -2740
-8961 -3329
9600 5729
8192 -4353
9600 -19340
1792 1792
9600 25726
2304 -3841
9600 -12163
2816 -3585
20088 -32386
512 -2817
26724 27518
-3585 2304
17487 -12674
-257 3328
12344 -9346
-2049 -2561
-9696 12927
-2305 -6401
-21752 18047
10240 -3073
-3601 -25473
4864 -9473
25558 -18305
3328 5120
23997 -3713
6400 -8193
16037 -3713
6144 1280
31631 -3713
5120 -4609
9856 -3713
4608 8448
9856 -3713
13568 1536
9856 15483
1024 3328
9856 -26518
9984 -2561
9856 -2217
8960 3584
9856 -4798
12288 11776
9856 12845
10496 2048
9856 -1770
9472 9984
9856 -11521
13824 0
9856 17896
8192 9216
9856 20689
10496 1792
9856 20666
10752 1024
9856 -18524
4608 6912
9856 -4207
9216 2304
9856 20610
-257 1280
9856 24193
11264 -2305
27011 2689
8704 9728
-31852 -9344
0 11264
-30038 -21632
4096 4608
-31552 31104
4352 17408
30424 16768
2048 -1281
20976 3968
768 16896
-13304 -3457
1024 3072
5154 -3457
4352 14848
5691 -3457
-6145 5632
7252 -3457
-4097 18176
27754 -3457
-1025 7424
9855 -3457
0 -2305
9600 -3457
1536 6912
9600 -3711
-1793 5120
9600 -31088
-8449 10496
9600 4259
-2817 768
9600 -21065
-10497 -769
9600 17613
2048 5376
9600 -19485
5632 8960
9600 21498
3072 7424
9600 -4591
-5889 9216
9600 11561
512 -2561
9600 16704
-6657 1024
9600 -7339
-2561 -8961
9600 -14231
2304 4608
9600 -9350
12032 6400
9600 31358
-6657 11008
30591 -3715
-4609 -2049
1904 -25730
-257 768
23643 32382
7936 512
16453 -6018
2048 -14081
12590 -3970
12288 3072
-22507 19327
11264 -1025
-25091 23679
1792 2304
18148 -17793
5376 5376
-15925 -12673
8704 -7425
9138 -3713
11264 3584
-18277 -3713
7424 -769
-24187 -3713
10496 4096
9856 -3713
1792 -2049
9856 -3713
-2305 -769
9856 -22156
4864 4096
9856 21602
1280 3840
9856 1359
12032 6400
9856 25657
2816 1280
9856 -23517
13824 4608
9856 -17396
9984 18688
9856 1270
1280 2560
9856 -19747
6656 6656
9856 8135
5120 10752
9856 -28752
6400 6912
9856 -30564
-3585 3328
9856 31369
4352 3072
9856 8065
1024 14848
9856 32641
-3841 9216
-11895 -4736
1024 5376
-6243 -6784
1024 256
-9805 -27776
5376 11008
19914 29312
256 7168
15586 11136
-5889 20224
10747 -641
3072 11008
-9965 -3457
3840 -7425
-8404 -3457
3328 3840
-6331 -3457
-5121 768
606 -3457
-2049 3840
-2445 -3457
1792 8960
9600 -3457
-1025 1280
9600 -3457
1792 5888
9600 -28282
-5121 -257
9600 10904
-2561 7424
9600 -10581
-10753 9216
9600 -13376
-3329 -1025
9600 -18986
-3329 4608
9600 11501
-8961 -7937
9600 22276
-3073 8960
9600 -18917
-8193 -5633
9600 -6606
-1793 -6913
9600 -21175
1536 9984
9600 9054
11520 -5633
9600 -9359
-7681 16896
9600 14206
5120 3840
9600 -13187
-3841 12032
-16774 30846
-7169 -5633
25959 26238
0 -8961
-29614 -14722
12544 256
-15045 -11138
7936 -8193
16164 10623
4608 11264
27660 16511
-9985 -3841
-26637 -28545
-8449 9216
30682 -19329
8704 -8193
-30015 -3713
14848 1536
-23640 -3713
6400 3840
23954 -3713
5376 3840
9856 -3713
-3585 13312
9856 -3713
1536 -4865
9856 18045
8448 -769
9856 9326
8448 6912
9856 -24998
8960 1792
9856 27206
5632 3328
9856 -25808
3584 10496
9856 28442
8448 5632
9856 -22013
9472 -6913
9856 -28436
9728 -1281
9856 469
7680 12800
9856 -4419
4864 7424
9856 -30040
-8961 6656
9856 -4716
768 2560
9856 14724
5888 13568
9856 20097
6144 4352
-18047 17281
10496 9216
30097 -8320
8192 12288
-24410 -15744
-11777 5632
11709 32640
5120 512
3028 20864
7680 6912
7148 5504
2048 7936
-25340 -3457
3584 16384
24350 -3457
-8705 7680
-22474 -3457
0 8448
11856 -3457
-15617 6144
-10650 -3457
9984 2560
15484 -3457
2304 7168
9600 -3457
10240 4864
9600 28544
-4353 9728
9600 22925
-10497 4864
9600 -13921
-4097 -3585
9600 1204
-5889 -8449
9600 22217
-4609 256
9600 29151
10240 5120
9600 23542
-4865 5376
9600 24845
-7169 -3329
9600 8741
-6913 6656
9600 -1477
-769 3840
9600 -25006
1280 8704
9600 9062
-3585 -5377
9600 -9608
1280 -2049
9600 -24450
-7425 -3585
9600 -11651
8448 -4097
32115 -25730
-5121 256
14687 28798
-1025 2560
-30391 -8322
3584 0
31538 -6786
6912 -3585
-14566 16511
9472 -7425
8194 21887
3584 -1
22761 -21377
6144 -2305
31696 -14465
1792 -11777
28087 -3713
-5633 -2561
-609 -3713
5120 2560
-8567 -3713
9472 -5633
9856 -3713
3840 6656
9856 -3713
5888 -769
9856 18040
2816 -769
9856 19558
8704 2816
9856 -7598
6400 -7681
9856 -14275
6656 6144
9856 296
8704 4864
9856 11537
14848 10752
9856 25338
-1793 11008
9856 -15646
4352 0
9856 -3637
9728 2048
9856 6069
6912 6144
9856 27552
7936 11264
9856 7309
3328 8192
9856 2689
-769 5376
9856 -29823
1024 6912
-9338 -2688
7424 -4609
-615 -4992
-2305 4864
4783 -25216
12032 6912
-59 32640
-4097 16896
-32291 13440
-7937 12288
27893 3968
6656 1536
-16882 -3457
-12033 10496
-30169 -3457
8960 -3841
-13504 -3457
-1 6656
-7848 -3457
-2305 18432
28527 -3457
-3585 16384
9600 -3457
-7937 5376
9600 -3457
3328 7424
9600 32644
-3073 3072
9600 -16492
7680 4096
9600 6567
-8193 14592
9600 26044
-10753 6400
9600 -9263
-9217 -769
9600 -18456
-1025 -1025
9600 19199
7936 -1793
9600 23
-513 4096
9600 -14291
-8193 4864
9600 22853
6656 5376
9600 7770
-14849 -8961
9600 -3219
-7169 -4865
9600 125
-513 -5121
9600 4478
1280 512
24445 15742
7168 6912
21867 31614
-6145 1280
2391 -22658
1536 -6401
-22464 -10114
2560 -5377
26921 4479
9472 -5633
5137 17023
3840 1280
-24584 31615
7680 -513
-31521 -20097
7424 7936
-11322 -4993
-1793 -8449
-30803 -3713
3840 -7681
21911 -3713
-257 -1025
11650 -3713
5632 2816
9856 -3713
7936 12544
9856 -17538
-1281 1536
9856 26481
15104 -1537
9856 -13474
2048 5632
9856 -11702
19712 -257
9856 3893
14080 20736
9856 10015
11520 -2561
9856 22536
12032 14080
9856 7153
-3841 0
9856 -20007
8960 6400
9856 31427
2304 11776
9856 21164
7936 2816
9856 5017
8192 11776
9856 24710
-1281 5120
9856 16257
8448 3072
10368 27521
1024 -4865
-17011 -6784
-1025 7424
4002 -10368
5376 8960
-1097 -30336
-513 6144
-50 25216
6144 15360
-26 8320
-5377 8192
31743 -3457
3328 4608
15896 -3457
-5633 12544
-22735 -3457
-3329 5376
-19894 -3457
-7937 8192
-13727 -3457
-1025 5376
-8841 -3457
-1793 2560
9600 -3457
-3329 13568
9600 -3457
-257 13056
9600 -26487
-6657 2304
9600 -21093
256 512
9600 13999
512 -1793
9600 -12604
-3073 1792
9600 32218
3584 11264
9600 21489
-2561 5632
9600 26888
-10753 5120
9600 -17633
-1281 256
9600 -9162
-4865 256
9600 -9139
6144 1280
9600 -5023
-2561 2816
9600 -5516
-5889 -4097
9600 -28546
-1281 5376
9600 -18307
-11521 10752
32375 -26754
4608 -9473
31075 24190
4096 -2817
28238 -9090
3840 -3585
-27593 -11906
1280 512
-17121 15999
6400 8192
-18425 16255
-5889 1536
-30482 -22401
3072 -2305
726 -20097
-1025 -1793
-28740 -3713
2816 -3841
-15196 -3713
11520 -5377
20878 -3713
5120 8192
9856 -3713
6144 0
9856 -3713
-2561 4096
9856 -2438
5632 9472
9856 4458
15872 -2305
9856 29527
8960 -2049
9856 32322
4096 9216
9856 -24788
8192 4864
9856 -1515
0 5632
9856 6911
1792 2816
9856 -26905
1792 -1281
9856 -6704
9472 10496
9856 -19783
5120 7936
9856 -32604
1280 4608
9856 -13168
6912 6400
9856 9090
-9729 5120
9856 23425
7424 7680
2436 2433
3328 -1537
-363 -10112
6912 11520
-19542 -21888
2560 14336
28097 30336
-2305 15872
-8488 16768
-2049 9984
9713 2944
256 -12033
21769 -3457
7680 3840
-26078 -3457
9984 3840
27451 -3457
256 3840
26452 -3457
-6657 3840
-27286 -3457
256 -1537
25215 -3457
-9217 5120
9600 -3457
768 -1
9600 -8063
-1793 1280
9600 -14448
-6401 512
9600 -24157
-9473 8448
9600 -8521
-5889 9984
9600 22733
-14337 2304
9600 -14109
4352 768
9600 -21510
-9217 3584
9600 -26863
-2561 2560
9600 24873
1792 768
9600 2624
-3073 6400
9600 -10411
10752 -1793
9600 -27287
1024 2816
9600 -5510
-3585 -3073
9600 28030
-6657 512
30847 -1411
4864 -769
9840 -28290
-257 -8449
24667 -31362
-1537 6656
24133 -8322
3328 512
-32210 -2178
-1281 -4609
-17130 16511
6400 2304
-2307 26495
-513 -513
1509 -21889
-2049 2560
12748 -9089
10496 3840
-1358 -3713
-6145 -2561
24220 -3713
6656 -1793
13446 -3713
-11009 7424
9856 -3713
0 0
9856 -24193
9216 -6145
9856 15222
7936 -1025
9856 -2206
1792 13056
9856 -25009
8704 256
9856 -20678
3328 5632
9856 23076
1024 5888
9856 26381
7424 3328
9856 7414
12544 6400
9856 -8994
9984 -6657
9856 -5433
5120 11520
9856 -18767
5632 11520
9856 17309
2560 10752
9856 22666
-769 4096
9856 5505
5888 -1
9856 -31615
6656 5632
5257 -4480
768 -1
12701 -6016
11776 13312
-14926 -27264
-7169 7168
-25911 30592
-3329 6144
-25375 11136
-257 4096
-24583 1408
-4865 5632
-18158 -3457
12032 5888
-27349 -3457
3072 15616
-13244 -3457
-2817 8192
